(Symbol ERSFQ_XOR);
($Id:$);
(xic.exe 4.3.5 Win32 i386 05/11/2018 10:49 GMT);
(PHYSICAL);
(RESOLUTION 1000);
( CREATED 5/11/2018 10:49:47, MODIFIED 5/11/2018 10:49:47 );
9 ERSFQ_XOR;
DS 0 1 1;
DF;
E
(ELECTRICAL);
(RESOLUTION 1000);
5 10 1 0 -161000 -48000 0x0 IN1;
5 10 2 1 -161000 -8000 0x0 IN2;
5 10 3 2 -161000 8000 0x0 INCLK;
5 10 4 3 114000 -47000 0x0 OUT;
5 10 5 4 -136000 61000 0x0 BIAS1;
5 10 6 5 -97000 61000 0x0 BIAS2;
5 10 7 6 -59000 61000 0x0 BIAS3;
5 10 8 7 -11000 61000 0x0 BIAS4;
5 10 9 8 36000 61000 0x0 BIAS5;
5 10 10 9 84000 61000 0x0 BIAS6;
5 11 X 0 subckt;
9 ERSFQ_XOR;
DS 0 1 1;
(SymbolCall gnd);
5 10 0 0 44000 -12000;
1 Bound 43000 -14600 45000 -12000;
9 gnd;
C 0 T 43000 -13000;
(SymbolCall gnd);
5 10 0 0 50000 -12000;
1 Bound 49000 -14600 51000 -12000;
9 gnd;
C 0 T 49000 -13000;
(SymbolCall gnd);
5 10 0 0 -67000 -28000;
1 Bound -68000 -30600 -66000 -28000;
9 gnd;
C 0 T -68000 -29000;
(SymbolCall gnd);
5 10 0 0 -61000 -28000;
1 Bound -62000 -30600 -60000 -28000;
9 gnd;
C 0 T -62000 -29000;
(SymbolCall gnd);
5 10 0 0 -41000 -28000;
1 Bound -42000 -30600 -40000 -28000;
9 gnd;
C 0 T -42000 -29000;
(SymbolCall gnd);
5 10 0 0 -35000 -28000;
1 Bound -36000 -30600 -34000 -28000;
9 gnd;
C 0 T -36000 -29000;
(SymbolCall gnd);
5 10 0 0 72000 -67000;
1 Bound 71000 -69600 73000 -67000;
9 gnd;
C 0 T 71000 -68000;
(SymbolCall gnd);
5 10 0 0 78000 -67000;
1 Bound 77000 -69600 79000 -67000;
9 gnd;
C 0 T 77000 -68000;
(SymbolCall gnd);
5 10 0 0 98000 -67000;
1 Bound 97000 -69600 99000 -67000;
9 gnd;
C 0 T 97000 -68000;
(SymbolCall gnd);
5 10 0 0 104000 -67000;
1 Bound 103000 -69600 105000 -67000;
9 gnd;
C 0 T 103000 -68000;
(SymbolCall gnd);
5 10 0 0 -147000 -68000;
1 Bound -148000 -70600 -146000 -68000;
9 gnd;
C 0 T -148000 -69000;
(SymbolCall gnd);
5 10 0 0 -141000 -68000;
1 Bound -142000 -70600 -140000 -68000;
9 gnd;
C 0 T -142000 -69000;
(SymbolCall gnd);
5 10 0 0 -121000 -68000;
1 Bound -122000 -70600 -120000 -68000;
9 gnd;
C 0 T -122000 -69000;
(SymbolCall gnd);
5 10 0 0 -115000 -68000;
1 Bound -116000 -70600 -114000 -68000;
9 gnd;
C 0 T -116000 -69000;
(SymbolCall ind);
5 10 11 1 -136000 51000 L0-;
5 10 5 0 -136000 61000 L0+;
5 15 -135000 60000 0 -1;
5 11 L 0;
5 2 400p;
1 Bound -136000 51000 -134500 61000;
9 ind;
C 0 T -137000 51000;
(SymbolCall ind);
5 10 12 1 -97000 51000 L1-;
5 10 6 0 -97000 61000 L1+;
5 15 -96000 60000 0 -1;
5 11 L 1;
5 2 400p;
1 Bound -97000 51000 -95500 61000;
9 ind;
C 0 T -98000 51000;
(SymbolCall ind);
5 10 13 1 -59000 51000 L2-;
5 10 7 0 -59000 61000 L2+;
5 15 -58000 60000 0 -1;
5 2 400p;
5 11 L 2;
1 Bound -59000 51000 -57500 61000;
9 ind;
C 0 T -60000 51000;
(SymbolCall ind);
5 10 14 1 -11000 51000 L3-;
5 10 8 0 -11000 61000 L3+;
5 15 -10000 60000 0 -1;
5 11 L 3;
5 2 400p;
1 Bound -11000 51000 -9500 61000;
9 ind;
C 0 T -12000 51000;
(SymbolCall ind);
5 10 15 1 36000 51000 L4-;
5 10 9 0 36000 61000 L4+;
5 15 37000 60000 0 -1;
5 2 400p;
5 11 L 4;
1 Bound 36000 51000 37500 61000;
9 ind;
C 0 T 35000 51000;
(SymbolCall ind);
5 10 16 1 84000 51000 L5-;
5 10 10 0 84000 61000 L5+;
5 15 85000 60000 0 -1;
5 2 400p;
5 11 L 5;
1 Bound 84000 51000 85500 61000;
9 ind;
C 0 T 83000 51000;
(SymbolCall ind);
5 10 17 1 -130000 31000 L6-;
5 10 34 0 -130000 41000 L6+;
5 15 -129000 40000 0 -1;
5 11 L 6;
5 2 1p;
1 Bound -130000 31000 -128500 41000;
9 ind;
C 0 T -131000 31000;
(SymbolCall ind);
5 10 18 1 -91000 31000 L7-;
5 10 35 0 -91000 41000 L7+;
5 15 -90000 40000 0 -1;
5 11 L 7;
5 2 1p;
1 Bound -91000 31000 -89500 41000;
9 ind;
C 0 T -92000 31000;
(SymbolCall ind);
5 10 19 1 -53000 31000 L8-;
5 10 36 0 -53000 41000 L8+;
5 15 -52000 40000 0 -1;
5 11 L 8;
5 2 1p;
1 Bound -53000 31000 -51500 41000;
9 ind;
C 0 T -54000 31000;
(SymbolCall ind);
5 10 20 1 -5000 31000 L9-;
5 10 37 0 -5000 41000 L9+;
5 15 -4000 40000 0 -1;
5 11 L 9;
5 2 1p;
1 Bound -5000 31000 -3500 41000;
9 ind;
C 0 T -6000 31000;
(SymbolCall ind);
5 10 21 1 42000 31000 L10-;
5 10 38 0 42000 41000 L10+;
5 15 43000 40000 0 -1;
5 2 1p;
5 11 L 10;
1 Bound 42000 31000 43500 41000;
9 ind;
C 0 T 41000 31000;
(SymbolCall ind);
5 10 22 1 90000 31000 L11-;
5 10 39 0 90000 41000 L11+;
5 15 91000 40000 0 -1;
5 2 1p;
5 11 L 11;
1 Bound 90000 31000 91500 41000;
9 ind;
C 0 T 89000 31000;
(SymbolCall ind);
5 10 23 1 70000 14000 L12-;
5 10 40 0 60000 14000 L12+;
5 15 61000 15000 1 0;
5 11 L 12;
5 2 1p;
1 Bound 60000 14000 70000 15500;
( Rotate 90 );
9 ind;
C 0 R 0 1 T 70000 13000;
(SymbolCall ind);
5 10 21 1 44000 8000 L13-;
5 10 3 0 34000 8000 L13+;
5 15 35000 9000 1 0;
5 2 2.436p;
5 11 L 13;
1 Bound 34000 8000 44000 9500;
( Rotate 90 );
9 ind;
C 0 R 0 1 T 44000 7000;
(SymbolCall ind);
5 10 25 1 -15000 -2000 L14-;
5 10 43 0 -25000 -2000 L14+;
5 15 -24000 -1000 1 0;
5 11 L 14;
5 2 1p;
1 Bound -25000 -2000 -15000 -500;
( Rotate 90 );
9 ind;
C 0 R 0 1 T -15000 -3000;
(SymbolCall ind);
5 10 0 1 44000 -12000 L15-;
5 10 41 0 44000 -2000 L15+;
5 15 45000 -3000 0 -1;
5 11 L 15;
5 2 0.2p;
1 Bound 44000 -12000 45500 -2000;
9 ind;
C 0 T 43000 -12000;
(SymbolCall ind);
5 10 0 1 50000 -12000 L16-;
5 10 42 0 50000 -2000 L16+;
5 15 51000 -3000 0 -1;
5 11 L 16;
5 2 1p;
1 Bound 50000 -12000 51500 -2000;
9 ind;
C 0 T 49000 -12000;
(SymbolCall ind);
5 10 27 1 -67000 -8000 L17-;
5 10 2 0 -77000 -8000 L17+;
5 15 -76000 -7000 1 0;
5 2 2.53p;
5 11 L 17;
1 Bound -77000 -8000 -67000 -6500;
( Rotate 90 );
9 ind;
C 0 R 0 1 T -67000 -9000;
(SymbolCall ind);
5 10 19 1 -51000 -8000 L18-;
5 10 27 0 -61000 -8000 L18+;
5 15 -60000 -7000 1 0;
5 2 1p;
5 11 L 18;
1 Bound -61000 -8000 -51000 -6500;
( Rotate 90 );
9 ind;
C 0 R 0 1 T -51000 -9000;
(SymbolCall ind);
5 10 24 1 -41000 -8000 L19-;
5 10 19 0 -51000 -8000 L19+;
5 15 -50000 -7000 1 0;
5 2 2.1p;
5 11 L 19;
1 Bound -51000 -8000 -41000 -6500;
( Rotate 90 );
9 ind;
C 0 R 0 1 T -41000 -9000;
(SymbolCall ind);
5 10 20 1 -5000 -8000 L20-;
5 10 25 0 -15000 -8000 L20+;
5 15 -14000 -7000 1 0;
5 2 1.6p;
5 11 L 20;
1 Bound -15000 -8000 -5000 -6500;
( Rotate 90 );
9 ind;
C 0 R 0 1 T -5000 -9000;
(SymbolCall ind);
5 10 26 1 5000 -8000 L21-;
5 10 20 0 -5000 -8000 L21+;
5 15 -4000 -7000 1 0;
5 2 1.9p;
5 11 L 21;
1 Bound -5000 -8000 5000 -6500;
( Rotate 90 );
9 ind;
C 0 R 0 1 T 5000 -9000;
(SymbolCall ind);
5 10 0 1 -67000 -28000 L22-;
5 10 44 0 -67000 -18000 L22+;
5 15 -66000 -19000 0 -1;
5 2 0.2p;
5 11 L 22;
1 Bound -67000 -28000 -65500 -18000;
9 ind;
C 0 T -68000 -28000;
(SymbolCall ind);
5 10 0 1 -61000 -28000 L23-;
5 10 45 0 -61000 -18000 L23+;
5 15 -60000 -19000 0 -1;
5 2 1p;
5 11 L 23;
1 Bound -61000 -28000 -59500 -18000;
9 ind;
C 0 T -62000 -28000;
(SymbolCall ind);
5 10 0 1 -41000 -28000 L24-;
5 10 46 0 -41000 -18000 L24+;
5 15 -40000 -19000 0 -1;
5 11 L 24;
5 2 0.2p;
1 Bound -41000 -28000 -39500 -18000;
9 ind;
C 0 T -42000 -28000;
(SymbolCall ind);
5 10 0 1 -35000 -28000 L25-;
5 10 47 0 -35000 -18000 L25+;
5 15 -34000 -19000 0 -1;
5 11 L 25;
5 2 1p;
1 Bound -35000 -28000 -33500 -18000;
9 ind;
C 0 T -36000 -28000;
(SymbolCall ind);
5 10 31 1 72000 -47000 L26-;
5 10 23 0 72000 -37000 L26+;
5 15 73000 -38000 0 -1;
5 2 3.07p;
5 11 L 26;
1 Bound 72000 -47000 73500 -37000;
9 ind;
C 0 T 71000 -47000;
(SymbolCall ind);
5 10 28 1 62000 -41000 L27-;
5 10 48 0 52000 -41000 L27+;
5 15 53000 -40000 1 0;
5 11 L 27;
5 2 1p;
1 Bound 52000 -41000 62000 -39500;
( Rotate 90 );
9 ind;
C 0 R 0 1 T 62000 -42000;
(SymbolCall ind);
5 10 30 1 -95000 -42000 L28-;
5 10 49 0 -105000 -42000 L28+;
5 15 -104000 -41000 1 0;
5 11 L 28;
5 2 1p;
1 Bound -105000 -42000 -95000 -40500;
( Rotate 90 );
9 ind;
C 0 R 0 1 T -95000 -43000;
(SymbolCall ind);
5 10 31 1 72000 -47000 L29-;
5 10 28 0 62000 -47000 L29+;
5 15 63000 -46000 1 0;
5 2 1.422p;
5 11 L 29;
1 Bound 62000 -47000 72000 -45500;
( Rotate 90 );
9 ind;
C 0 R 0 1 T 72000 -48000;
(SymbolCall ind);
5 10 22 1 88000 -47000 L30-;
5 10 31 0 78000 -47000 L30+;
5 15 79000 -46000 1 0;
5 2 4.047p;
5 11 L 30;
1 Bound 78000 -47000 88000 -45500;
( Rotate 90 );
9 ind;
C 0 R 0 1 T 88000 -48000;
(SymbolCall ind);
5 10 32 1 98000 -47000 L31-;
5 10 22 0 88000 -47000 L31+;
5 15 89000 -46000 1 0;
5 2 1.047p;
5 11 L 31;
1 Bound 88000 -47000 98000 -45500;
( Rotate 90 );
9 ind;
C 0 R 0 1 T 98000 -48000;
(SymbolCall ind);
5 10 4 1 114000 -47000 L32-;
5 10 32 0 104000 -47000 L32+;
5 15 105000 -46000 1 0;
5 2 2.213p;
5 11 L 32;
1 Bound 104000 -47000 114000 -45500;
( Rotate 90 );
9 ind;
C 0 R 0 1 T 114000 -48000;
(SymbolCall ind);
5 10 33 1 -147000 -48000 L33-;
5 10 1 0 -157000 -48000 L33+;
5 15 -156000 -47000 1 0;
5 11 L 33;
5 2 2.53p;
1 Bound -157000 -48000 -147000 -46500;
( Rotate 90 );
9 ind;
C 0 R 0 1 T -147000 -49000;
(SymbolCall ind);
5 10 17 1 -131000 -48000 L34-;
5 10 33 0 -141000 -48000 L34+;
5 15 -140000 -47000 1 0;
5 11 L 34;
5 2 1p;
1 Bound -141000 -48000 -131000 -46500;
( Rotate 90 );
9 ind;
C 0 R 0 1 T -131000 -49000;
(SymbolCall ind);
5 10 29 1 -121000 -48000 L35-;
5 10 17 0 -131000 -48000 L35+;
5 15 -130000 -47000 1 0;
5 11 L 35;
5 2 2.1p;
1 Bound -131000 -48000 -121000 -46500;
( Rotate 90 );
9 ind;
C 0 R 0 1 T -121000 -49000;
(SymbolCall ind);
5 10 18 1 -85000 -48000 L36-;
5 10 30 0 -95000 -48000 L36+;
5 15 -94000 -47000 1 0;
5 11 L 36;
5 2 1.6p;
1 Bound -95000 -48000 -85000 -46500;
( Rotate 90 );
9 ind;
C 0 R 0 1 T -85000 -49000;
(SymbolCall ind);
5 10 26 1 -75000 -48000 L37-;
5 10 18 0 -85000 -48000 L37+;
5 15 -84000 -47000 1 0;
5 11 L 37;
5 2 1.9p;
1 Bound -85000 -48000 -75000 -46500;
( Rotate 90 );
9 ind;
C 0 R 0 1 T -75000 -49000;
(SymbolCall ind);
5 10 0 1 72000 -67000 L38-;
5 10 50 0 72000 -57000 L38+;
5 15 73000 -58000 0 -1;
5 11 L 38;
5 2 0.2p;
1 Bound 72000 -67000 73500 -57000;
9 ind;
C 0 T 71000 -67000;
(SymbolCall ind);
5 10 0 1 78000 -67000 L39-;
5 10 51 0 78000 -57000 L39+;
5 15 79000 -58000 0 -1;
5 11 L 39;
5 2 1p;
1 Bound 78000 -67000 79500 -57000;
9 ind;
C 0 T 77000 -67000;
(SymbolCall ind);
5 10 0 1 98000 -67000 L40-;
5 10 52 0 98000 -57000 L40+;
5 15 99000 -58000 0 -1;
5 11 L 40;
5 2 0.2p;
1 Bound 98000 -67000 99500 -57000;
9 ind;
C 0 T 97000 -67000;
(SymbolCall ind);
5 10 0 1 104000 -67000 L41-;
5 10 53 0 104000 -57000 L41+;
5 15 105000 -58000 0 -1;
5 11 L 41;
5 2 1p;
1 Bound 104000 -67000 105500 -57000;
9 ind;
C 0 T 103000 -67000;
(SymbolCall ind);
5 10 0 1 -147000 -68000 L42-;
5 10 54 0 -147000 -58000 L42+;
5 15 -146000 -59000 0 -1;
5 11 L 42;
5 2 0.2p;
1 Bound -147000 -68000 -145500 -58000;
9 ind;
C 0 T -148000 -68000;
(SymbolCall ind);
5 10 0 1 -141000 -68000 L43-;
5 10 55 0 -141000 -58000 L43+;
5 15 -140000 -59000 0 -1;
5 11 L 43;
5 2 1p;
1 Bound -141000 -68000 -139500 -58000;
9 ind;
C 0 T -142000 -68000;
(SymbolCall ind);
5 10 0 1 -121000 -68000 L44-;
5 10 56 0 -121000 -58000 L44+;
5 15 -120000 -59000 0 -1;
5 11 L 44;
5 2 0.2p;
1 Bound -121000 -68000 -119500 -58000;
9 ind;
C 0 T -122000 -68000;
(SymbolCall ind);
5 10 0 1 -115000 -68000 L45-;
5 10 57 0 -115000 -58000 L45+;
5 15 -114000 -59000 0 -1;
5 11 L 45;
5 2 1p;
1 Bound -115000 -68000 -113500 -58000;
9 ind;
C 0 T -116000 -68000;
(SymbolCall jj);
5 10 58 2 -137000 49000 B0_2;
5 10 17 1 -136000 41000 B0-;
5 10 11 0 -136000 51000 B0+;
5 3 area=B0;
5 11 B 0;
5 1 jjmit;
1 Bound -137500 41000 -134500 51000;
9 jj;
C 0 T -137000 41000;
(SymbolCall jj);
5 10 59 2 -98000 49000 B1_2;
5 10 18 1 -97000 41000 B1-;
5 10 12 0 -97000 51000 B1+;
5 3 area=B1;
5 11 B 1;
5 1 jjmit;
1 Bound -98500 41000 -95500 51000;
9 jj;
C 0 T -98000 41000;
(SymbolCall jj);
5 10 60 2 -60000 49000 B2_2;
5 10 19 1 -59000 41000 B2-;
5 10 13 0 -59000 51000 B2+;
5 3 area=B0;
5 11 B 2;
5 1 jjmit;
1 Bound -60500 41000 -57500 51000;
9 jj;
C 0 T -60000 41000;
(SymbolCall jj);
5 10 61 2 -12000 49000 B3_2;
5 10 20 1 -11000 41000 B3-;
5 10 14 0 -11000 51000 B3+;
5 3 area=B1;
5 11 B 3;
5 1 jjmit;
1 Bound -12500 41000 -9500 51000;
9 jj;
C 0 T -12000 41000;
(SymbolCall jj);
5 10 62 2 35000 49000 B4_2;
5 10 21 1 36000 41000 B4-;
5 10 15 0 36000 51000 B4+;
5 3 area=B4;
5 1 jjmit;
5 11 B 4;
1 Bound 34500 41000 37500 51000;
9 jj;
C 0 T 35000 41000;
(SymbolCall jj);
5 10 63 2 83000 49000 B5_2;
5 10 22 1 84000 41000 B5-;
5 10 16 0 84000 51000 B5+;
5 3 area=B5;
5 1 jjmit;
5 11 B 5;
1 Bound 82500 41000 85500 51000;
9 jj;
C 0 T 83000 41000;
(SymbolCall jj);
5 10 64 2 52000 7000 B6_2;
5 10 23 1 60000 8000 B6-;
5 10 21 0 50000 8000 B6+;
5 3 area=B6;
5 11 B 6;
5 1 jjmit;
1 Bound 50000 6500 60000 9500;
( Rotate 90 );
9 jj;
C 0 R 0 1 T 60000 7000;
(SymbolCall jj);
5 10 65 2 43000 6000 B7_2;
5 10 41 1 44000 -2000 B7-;
5 10 21 0 44000 8000 B7+;
5 3 area=B7;
5 11 B 7;
5 1 jjmit;
1 Bound 42500 -2000 45500 8000;
9 jj;
C 0 T 43000 -2000;
(SymbolCall jj);
5 10 66 2 -33000 -9000 B8_2;
5 10 25 1 -25000 -8000 B8-;
5 10 24 0 -35000 -8000 B8+;
5 3 area=B8;
5 11 B 8;
5 1 jjmit;
1 Bound -35000 -9500 -25000 -6500;
( Rotate 90 );
9 jj;
C 0 R 0 1 T -25000 -9000;
(SymbolCall jj);
5 10 67 2 -68000 -10000 B9_2;
5 10 44 1 -67000 -18000 B9-;
5 10 27 0 -67000 -8000 B9+;
5 3 area=B9;
5 1 jjmit;
5 11 B 9;
1 Bound -68500 -18000 -65500 -8000;
9 jj;
C 0 T -68000 -18000;
(SymbolCall jj);
5 10 68 2 -42000 -10000 B10_2;
5 10 46 1 -41000 -18000 B10-;
5 10 24 0 -41000 -8000 B10+;
5 3 area=B10;
5 11 B 10;
5 1 jjmit;
1 Bound -42500 -18000 -39500 -8000;
9 jj;
C 0 T -42000 -18000;
(SymbolCall jj);
5 10 69 2 44000 -48000 B11_2;
5 10 28 1 52000 -47000 B11-;
5 10 26 0 42000 -47000 B11+;
5 3 area=B11;
5 11 B 11;
5 1 jjmit;
1 Bound 42000 -48500 52000 -45500;
( Rotate 90 );
9 jj;
C 0 R 0 1 T 52000 -48000;
(SymbolCall jj);
5 10 70 2 -113000 -49000 B12_2;
5 10 30 1 -105000 -48000 B12-;
5 10 29 0 -115000 -48000 B12+;
5 3 area=B8;
5 11 B 12;
5 1 jjmit;
1 Bound -115000 -49500 -105000 -46500;
( Rotate 90 );
9 jj;
C 0 R 0 1 T -105000 -49000;
(SymbolCall jj);
5 10 71 2 71000 -49000 B13_2;
5 10 50 1 72000 -57000 B13-;
5 10 31 0 72000 -47000 B13+;
5 3 area=B13;
5 11 B 13;
5 1 jjmit;
1 Bound 70500 -57000 73500 -47000;
9 jj;
C 0 T 71000 -57000;
(SymbolCall jj);
5 10 72 2 97000 -49000 B14_2;
5 10 52 1 98000 -57000 B14-;
5 10 32 0 98000 -47000 B14+;
5 3 area=B14;
5 11 B 14;
5 1 jjmit;
1 Bound 96500 -57000 99500 -47000;
9 jj;
C 0 T 97000 -57000;
(SymbolCall jj);
5 10 73 2 -148000 -50000 B15_2;
5 10 54 1 -147000 -58000 B15-;
5 10 33 0 -147000 -48000 B15+;
5 3 area=B9;
5 11 B 15;
5 1 jjmit;
1 Bound -148500 -58000 -145500 -48000;
9 jj;
C 0 T -148000 -58000;
(SymbolCall jj);
5 10 74 2 -122000 -50000 B16_2;
5 10 56 1 -121000 -58000 B16-;
5 10 29 0 -121000 -48000 B16+;
5 3 area=B10;
5 11 B 16;
5 1 jjmit;
1 Bound -122500 -58000 -119500 -48000;
9 jj;
C 0 T -122000 -58000;
(SymbolCall res);
5 10 34 1 -130000 41000 R0-;
5 10 11 0 -130000 51000 R0+;
5 15 -131000 50000 0 -1 "<v>/<value>O";
5 2 R0;
5 11 R 0;
1 Bound -131250 41000 -129000 51000;
9 res;
C 0 T -130000 51000;
(SymbolCall res);
5 10 35 1 -91000 41000 R1-;
5 10 12 0 -91000 51000 R1+;
5 15 -92000 50000 0 -1 "<v>/<value>O";
5 2 R1;
5 11 R 1;
1 Bound -92250 41000 -90000 51000;
9 res;
C 0 T -91000 51000;
(SymbolCall res);
5 10 36 1 -53000 41000 R2-;
5 10 13 0 -53000 51000 R2+;
5 15 -54000 50000 0 -1 "<v>/<value>O";
5 2 R0;
5 11 R 2;
1 Bound -54250 41000 -52000 51000;
9 res;
C 0 T -53000 51000;
(SymbolCall res);
5 10 37 1 -5000 41000 R3-;
5 10 14 0 -5000 51000 R3+;
5 15 -6000 50000 0 -1 "<v>/<value>O";
5 2 R1;
5 11 R 3;
1 Bound -6250 41000 -4000 51000;
9 res;
C 0 T -5000 51000;
(SymbolCall res);
5 10 38 1 42000 41000 R4-;
5 10 15 0 42000 51000 R4+;
5 15 41000 50000 0 -1 "<v>/<value>O";
5 2 R4;
5 11 R 4;
1 Bound 40750 41000 43000 51000;
9 res;
C 0 T 42000 51000;
(SymbolCall res);
5 10 39 1 90000 41000 R5-;
5 10 16 0 90000 51000 R5+;
5 15 89000 50000 0 -1 "<v>/<value>O";
5 2 R5;
5 11 R 5;
1 Bound 88750 41000 91000 51000;
9 res;
C 0 T 90000 51000;
(SymbolCall res);
5 10 40 1 60000 14000 R6-;
5 10 21 0 50000 14000 R6+;
5 15 51000 13000 1 0 "<v>/<value>O";
5 2 R6;
5 11 R 6;
1 Bound 50000 12750 60000 15000;
( Rotate 90 );
9 res;
C 0 R 0 1 T 50000 14000;
(SymbolCall res);
5 10 42 1 50000 -2000 R7-;
5 10 21 0 50000 8000 R7+;
5 15 49000 7000 0 -1 "<v>/<value>O";
5 2 R7;
5 11 R 7;
1 Bound 48750 -2000 51000 8000;
9 res;
C 0 T 50000 8000;
(SymbolCall res);
5 10 43 1 -25000 -2000 R8-;
5 10 24 0 -35000 -2000 R8+;
5 15 -34000 -3000 1 0 "<v>/<value>O";
5 2 R8;
5 11 R 8;
1 Bound -35000 -3250 -25000 -1000;
( Rotate 90 );
9 res;
C 0 R 0 1 T -35000 -2000;
(SymbolCall res);
5 10 45 1 -61000 -18000 R9-;
5 10 27 0 -61000 -8000 R9+;
5 15 -62000 -9000 0 -1 "<v>/<value>O";
5 2 R9;
5 11 R 9;
1 Bound -62250 -18000 -60000 -8000;
9 res;
C 0 T -61000 -8000;
(SymbolCall res);
5 10 47 1 -35000 -18000 R10-;
5 10 24 0 -35000 -8000 R10+;
5 15 -36000 -9000 0 -1 "<v>/<value>O";
5 2 R10;
5 11 R 10;
1 Bound -36250 -18000 -34000 -8000;
9 res;
C 0 T -35000 -8000;
(SymbolCall res);
5 10 48 1 52000 -41000 R11-;
5 10 26 0 42000 -41000 R11+;
5 15 43000 -42000 1 0 "<v>/<value>O";
5 2 R11;
5 11 R 11;
1 Bound 42000 -42250 52000 -40000;
( Rotate 90 );
9 res;
C 0 R 0 1 T 42000 -41000;
(SymbolCall res);
5 10 49 1 -105000 -42000 R12-;
5 10 29 0 -115000 -42000 R12+;
5 15 -114000 -43000 1 0 "<v>/<value>O";
5 2 R8;
5 11 R 12;
1 Bound -115000 -43250 -105000 -41000;
( Rotate 90 );
9 res;
C 0 R 0 1 T -115000 -42000;
(SymbolCall res);
5 10 51 1 78000 -57000 R13-;
5 10 31 0 78000 -47000 R13+;
5 15 77000 -48000 0 -1 "<v>/<value>O";
5 2 R13;
5 11 R 13;
1 Bound 76750 -57000 79000 -47000;
9 res;
C 0 T 78000 -47000;
(SymbolCall res);
5 10 53 1 104000 -57000 R14-;
5 10 32 0 104000 -47000 R14+;
5 15 103000 -48000 0 -1 "<v>/<value>O";
5 2 R14;
5 11 R 14;
1 Bound 102750 -57000 105000 -47000;
9 res;
C 0 T 104000 -47000;
(SymbolCall res);
5 10 55 1 -141000 -58000 R15-;
5 10 33 0 -141000 -48000 R15+;
5 15 -142000 -49000 0 -1 "<v>/<value>O";
5 2 R9;
5 11 R 15;
1 Bound -142250 -58000 -140000 -48000;
9 res;
C 0 T -141000 -48000;
(SymbolCall res);
5 10 57 1 -115000 -58000 R16-;
5 10 29 0 -115000 -48000 R16+;
5 15 -116000 -49000 0 -1 "<v>/<value>O";
5 2 R10;
5 11 R 16;
1 Bound -116250 -58000 -114000 -48000;
9 res;
C 0 T -115000 -48000;
L SCED;
5 10 11;
W2 0 -136000 51000 -130000 51000;
5 10 12;
W2 0 -97000 51000 -91000 51000;
5 10 13;
W2 0 -59000 51000 -53000 51000;
5 10 14;
W2 0 -11000 51000 -5000 51000;
5 10 15;
W2 0 36000 51000 42000 51000;
5 10 16;
W2 0 84000 51000 90000 51000;
5 10 17;
W2 0 -136000 41000 -136000 31000 -131000 31000 -130000 31000;
5 10 18;
W2 0 -97000 41000 -97000 31000 -95000 31000 -91000 31000;
5 10 19;
W2 0 -51000 -8000 -51000 31000 -53000 31000 -59000 31000 -59000 41000;
5 10 20;
W2 0 -5000 -8000 -5000 31000 -11000 31000 -11000 41000;
5 10 21;
W2 0 50000 14000 50000 8000 44000 8000 44000 31000 42000 31000 36000 31000
  36000 41000;
5 10 22;
W2 0 84000 41000 84000 31000 87000 31000 90000 31000;
5 10 17;
W2 0 -131000 -48000 -131000 31000;
5 10 18;
W2 0 -85000 -48000 -85000 -27000 -95000 -27000 -95000 31000;
5 10 22;
W2 0 87000 31000 87000 -46000 88000 -46000 88000 -47000;
5 10 23;
W2 0 60000 8000 70000 8000 70000 14000;
5 10 3;
W2 0 34000 8000 -161000 8000;
5 10 23;
W2 0 72000 -37000 72000 8000 70000 8000;
5 10 24;
W2 0 -35000 -2000 -35000 -8000 -41000 -8000;
5 10 25;
W2 0 -25000 -8000 -15000 -8000 -15000 -2000;
5 10 2;
W2 0 -77000 -8000 -161000 -8000;
5 10 26;
W2 0 5000 -8000 5000 -47000 5000 -48000 -75000 -48000;
5 10 27;
W2 0 -67000 -8000 -61000 -8000;
5 10 26;
W2 0 42000 -41000 42000 -47000 5000 -47000;
5 10 28;
W2 0 62000 -41000 62000 -47000 52000 -47000;
5 10 29;
W2 0 -115000 -42000 -115000 -48000 -121000 -48000;
5 10 30;
W2 0 -105000 -48000 -95000 -48000 -95000 -42000;
5 10 31;
W2 0 72000 -47000 78000 -47000;
5 10 32;
W2 0 98000 -47000 104000 -47000;
5 10 1;
W2 0 -157000 -48000 -161000 -48000;
5 10 33;
W2 0 -147000 -48000 -141000 -48000;
L NAME;
5 16 L 0 11;
94 <<L0>> -136250 59750 320 1275 1000;
5 16 L 1 11;
94 <<L1>> -97250 59750 320 1050 1000;
5 16 L 2 11;
94 <<L2>> -59250 59750 320 1275 1000;
5 16 L 3 11;
94 <<L3>> -11250 59750 320 1275 1000;
5 16 L 4 11;
94 <<L4>> 35750 59750 320 1275 1000;
5 16 L 5 11;
94 <<L5>> 83750 59750 320 1275 1000;
5 16 B 0 11;
94 <<B0>> -137750 49750 320 1275 1000;
5 16 R 0 11;
94 <<R0>> -131500 49750 320 1275 1000;
5 16 B 1 11;
94 <<B1>> -98750 49750 320 1050 1000;
5 16 R 1 11;
94 <<R1>> -92500 49750 320 1050 1000;
5 16 B 2 11;
94 <<B2>> -60750 49750 320 1275 1000;
5 16 R 2 11;
94 <<R2>> -54500 49750 320 1275 1000;
5 16 B 3 11;
94 <<B3>> -12750 49750 320 1275 1000;
5 16 R 3 11;
94 <<R3>> -6500 49750 320 1275 1000;
5 16 B 4 11;
94 <<B4>> 34250 49750 320 1275 1000;
5 16 R 4 11;
94 <<R4>> 40500 49750 320 1275 1000;
5 16 B 5 11;
94 <<B5>> 82250 49750 320 1275 1000;
5 16 R 5 11;
94 <<R5>> 88500 49750 320 1275 1000;
5 16 L 6 11;
94 <<L6>> -130250 39750 320 1275 1000;
5 16 L 7 11;
94 <<L7>> -91250 39750 320 1275 1000;
5 16 L 8 11;
94 <<L8>> -53250 39750 320 1275 1000;
5 16 L 9 11;
94 <<L9>> -5250 39750 320 1275 1000;
5 16 L 10 11;
94 <<L10>> 41750 39750 320 1650 1000;
5 16 L 11 11;
94 <<L11>> 89750 39750 320 1425 1000;
5 16 L 12 11;
94 <<L12>> 60250 15750 0 1650 1000;
5 16 R 6 11;
94 <<R6>> 50250 15250 0 1275 1000;
5 16 L 13 11;
94 <<L13>> 34250 9750 0 1650 1000;
5 16 B 6 11;
94 <<B6>> 50250 9750 0 1275 1000;
5 16 B 7 11;
94 <<B7>> 42250 6750 320 1275 1000;
5 16 R 7 11;
94 <<R7>> 48500 6750 320 1275 1000;
5 16 L 14 11;
94 <<L14>> -24750 -250 0 1650 1000;
5 16 R 8 11;
94 <<R8>> -34750 -750 0 1275 1000;
5 16 L 15 11;
94 <<L15>> 43750 -3250 320 1650 1000;
5 16 L 16 11;
94 <<L16>> 49750 -3250 320 1650 1000;
5 16 L 17 11;
94 <<L17>> -76750 -6250 0 1650 1000;
5 16 L 18 11;
94 <<L18>> -60750 -6250 0 1650 1000;
5 16 L 19 11;
94 <<L19>> -50750 -6250 0 1650 1000;
5 16 B 8 11;
94 <<B8>> -34750 -6250 0 1275 1000;
5 16 L 20 11;
94 <<L20>> -14750 -6250 0 1875 1000;
5 16 L 21 11;
94 <<L21>> -4750 -6250 0 1650 1000;
5 16 B 9 11;
94 <<B9>> -68750 -9250 320 1275 1000;
5 16 R 9 11;
94 <<R9>> -62500 -9250 320 1275 1000;
5 16 B 10 11;
94 <<B10>> -42750 -9250 320 1650 1000;
5 16 R 10 11;
94 <<R10>> -36500 -9250 320 1650 1000;
5 16 L 22 11;
94 <<L22>> -67250 -19250 320 1875 1000;
5 16 L 23 11;
94 <<L23>> -61250 -19250 320 1875 1000;
5 16 L 24 11;
94 <<L24>> -41250 -19250 320 1875 1000;
5 16 L 25 11;
94 <<L25>> -35250 -19250 320 1875 1000;
5 16 L 27 11;
94 <<L27>> 52250 -39250 0 1875 1000;
5 16 L 26 11;
94 <<L26>> 71750 -38250 320 1875 1000;
5 16 R 11 11;
94 <<R11>> 42250 -39750 0 1425 1000;
5 16 L 28 11;
94 <<L28>> -104750 -40250 0 1875 1000;
5 16 R 12 11;
94 <<R12>> -114750 -40750 0 1650 1000;
5 16 B 11 11;
94 <<B11>> 42250 -45250 0 1425 1000;
5 16 L 29 11;
94 <<L29>> 62250 -45250 0 1875 1000;
5 16 L 30 11;
94 <<L30>> 78250 -45250 0 1875 1000;
5 16 L 31 11;
94 <<L31>> 88250 -45250 0 1650 1000;
5 16 L 32 11;
94 <<L32>> 104250 -45250 0 1875 1000;
5 16 L 33 11;
94 <<L33>> -156750 -46250 0 1875 1000;
5 16 L 34 11;
94 <<L34>> -140750 -46250 0 1875 1000;
5 16 L 35 11;
94 <<L35>> -130750 -46250 0 1875 1000;
5 16 B 12 11;
94 <<B12>> -114750 -46250 0 1650 1000;
5 16 L 36 11;
94 <<L36>> -94750 -46250 0 1875 1000;
5 16 L 37 11;
94 <<L37>> -84750 -46250 0 1875 1000;
5 16 B 13 11;
94 <<B13>> 70250 -48250 320 1650 1000;
5 16 R 13 11;
94 <<R13>> 76500 -48250 320 1650 1000;
5 16 B 14 11;
94 <<B14>> 96250 -48250 320 1650 1000;
5 16 R 14 11;
94 <<R14>> 102500 -48250 320 1650 1000;
5 16 B 15 11;
94 <<B15>> -148750 -49250 320 1650 1000;
5 16 R 15 11;
94 <<R15>> -142500 -49250 320 1650 1000;
5 16 B 16 11;
94 <<B16>> -122750 -49250 320 1650 1000;
5 16 R 16 11;
94 <<R16>> -116500 -49250 320 1650 1000;
5 16 L 38 11;
94 <<L38>> 71750 -58250 320 1875 1000;
5 16 L 39 11;
94 <<L39>> 77750 -58250 320 1875 1000;
5 16 L 40 11;
94 <<L40>> 97750 -58250 320 1875 1000;
5 16 L 41 11;
94 <<L41>> 103750 -58250 320 1650 1000;
5 16 L 42 11;
94 <<L42>> -147250 -59250 320 1875 1000;
5 16 L 43 11;
94 <<L43>> -141250 -59250 320 1875 1000;
5 16 L 44 11;
94 <<L44>> -121250 -59250 320 1875 1000;
5 16 L 45 11;
94 <<L45>> -115250 -59250 320 1875 1000;
L MODL;
5 16 B 0 1;
94 <<jjmit>> -134250 50750 256 2550 1000;
5 16 B 1 1;
94 <<jjmit>> -95250 50750 256 2550 1000;
5 16 B 2 1;
94 <<jjmit>> -57250 50750 256 2550 1000;
5 16 B 3 1;
94 <<jjmit>> -9250 50750 256 2550 1000;
5 16 B 4 1;
94 <<jjmit>> 37750 50750 256 2550 1000;
5 16 B 5 1;
94 <<jjmit>> 85750 50750 256 2550 1000;
5 16 B 7 1;
94 <<jjmit>> 45750 7750 256 2550 1000;
5 16 B 6 1;
94 <<jjmit>> 59750 6250 320 2550 1000;
5 16 B 9 1;
94 <<jjmit>> -65250 -8250 256 2550 1000;
5 16 B 10 1;
94 <<jjmit>> -39250 -8250 256 2550 1000;
5 16 B 8 1;
94 <<jjmit>> -25250 -9750 320 2550 1000;
5 16 B 13 1;
94 <<jjmit>> 73750 -47250 256 2550 1000;
5 16 B 14 1;
94 <<jjmit>> 99750 -47250 256 2550 1000;
5 16 B 15 1;
94 <<jjmit>> -145250 -48250 256 2550 1000;
5 16 B 16 1;
94 <<jjmit>> -119250 -48250 256 2550 1000;
5 16 B 11 1;
94 <<jjmit>> 51750 -48750 320 2550 1000;
5 16 B 12 1;
94 <<jjmit>> -105250 -49750 320 2550 1000;
L VALU;
5 16 L 0 2;
94 <<400p>> -134250 60750 33024 2475 1000;
5 16 L 1 2;
94 <<400p>> -95250 60750 33024 2475 1000;
5 16 L 2 2;
94 <<400p>> -57250 60750 33024 2475 1000;
5 16 L 3 2;
94 <<400p>> -9250 60750 33024 2475 1000;
5 16 L 4 2;
94 <<400p>> 37750 60750 33024 2475 1000;
5 16 L 5 2;
94 <<400p>> 85750 60750 33024 2475 1000;
5 16 R 0 2;
94 <<R0>> -128750 50750 33024 1275 1000;
5 16 R 1 2;
94 <<R1>> -89750 50750 33024 1050 1000;
5 16 R 2 2;
94 <<R0>> -51750 50750 33024 1275 1000;
5 16 R 3 2;
94 <<R1>> -3750 50750 33024 1050 1000;
5 16 R 4 2;
94 <<R4>> 43250 50750 33024 1275 1000;
5 16 R 5 2;
94 <<R5>> 91250 50750 33024 1275 1000;
5 16 L 6 2;
94 <<1p>> -128250 40750 33024 1050 1000;
5 16 L 7 2;
94 <<1p>> -89250 40750 33024 1050 1000;
5 16 L 8 2;
94 <<1p>> -51250 40750 33024 1050 1000;
5 16 L 9 2;
94 <<1p>> -3250 40750 33024 1050 1000;
5 16 L 10 2;
94 <<1p>> 43750 40750 33024 1050 1000;
5 16 L 11 2;
94 <<1p>> 91750 40750 33024 1050 1000;
5 16 L 12 2;
94 <<1p>> 69750 13750 33088 1050 1000;
5 16 R 6 2;
94 <<R6>> 59750 12500 33088 1275 1000;
5 16 L 13 2;
94 <<2.436p>> 43750 7750 33088 3300 1000;
5 16 R 7 2;
94 <<R7>> 51250 7750 33024 1275 1000;
5 16 L 14 2;
94 <<1p>> -15250 -2250 33088 1050 1000;
5 16 L 15 2;
94 <<0.2p>> 45750 -2250 33024 2100 1000;
5 16 L 16 2;
94 <<1p>> 51750 -2250 33024 1050 1000;
5 16 R 8 2;
94 <<R8>> -25250 -3500 33088 1275 1000;
5 16 L 17 2;
94 <<2.53p>> -67250 -8250 33088 2700 1000;
5 16 R 9 2;
94 <<R9>> -59750 -8250 33024 1275 1000;
5 16 L 18 2;
94 <<1p>> -51250 -8250 33088 1050 1000;
5 16 L 19 2;
94 <<2.1p>> -41250 -8250 33088 1875 1000;
5 16 R 10 2;
94 <<R10>> -33750 -8250 33024 1650 1000;
5 16 L 20 2;
94 <<1.6p>> -5250 -8250 33088 1875 1000;
5 16 L 21 2;
94 <<1.9p>> 4750 -8250 33088 1875 1000;
5 16 L 22 2;
94 <<0.2p>> -65250 -18250 33024 2100 1000;
5 16 L 23 2;
94 <<1p>> -59250 -18250 33024 1050 1000;
5 16 L 24 2;
94 <<0.2p>> -39250 -18250 33024 2100 1000;
5 16 L 25 2;
94 <<1p>> -33250 -18250 33024 1050 1000;
5 16 L 26 2;
94 <<3.07p>> 73750 -37250 33024 2700 1000;
5 16 L 27 2;
94 <<1p>> 61750 -41250 33088 1050 1000;
5 16 L 28 2;
94 <<1p>> -95250 -42250 33088 1050 1000;
5 16 R 11 2;
94 <<R11>> 51750 -42500 33088 1425 1000;
5 16 R 12 2;
94 <<R8>> -105250 -43500 33088 1275 1000;
5 16 L 29 2;
94 <<1.422p>> 71750 -47250 33088 3075 1000;
5 16 R 13 2;
94 <<R13>> 79250 -47250 33024 1650 1000;
5 16 L 30 2;
94 <<4.047p>> 87750 -47250 33088 3300 1000;
5 16 L 31 2;
94 <<1.047p>> 97750 -47250 33088 3075 1000;
5 16 R 14 2;
94 <<R14>> 105250 -47250 33024 1650 1000;
5 16 L 32 2;
94 <<2.213p>> 113750 -47250 33088 3075 1000;
5 16 L 33 2;
94 <<2.53p>> -147250 -48250 33088 2700 1000;
5 16 R 15 2;
94 <<R9>> -139750 -48250 33024 1275 1000;
5 16 L 34 2;
94 <<1p>> -131250 -48250 33088 1050 1000;
5 16 L 35 2;
94 <<2.1p>> -121250 -48250 33088 1875 1000;
5 16 R 16 2;
94 <<R10>> -113750 -48250 33024 1650 1000;
5 16 L 36 2;
94 <<1.6p>> -85250 -48250 33088 1875 1000;
5 16 L 37 2;
94 <<1.9p>> -75250 -48250 33088 1875 1000;
5 16 L 38 2;
94 <<0.2p>> 73750 -57250 33024 2100 1000;
5 16 L 39 2;
94 <<1p>> 79750 -57250 33024 1050 1000;
5 16 L 40 2;
94 <<0.2p>> 99750 -57250 33024 2100 1000;
5 16 L 41 2;
94 <<1p>> 105750 -57250 33024 1050 1000;
5 16 L 42 2;
94 <<0.2p>> -145250 -58250 33024 2100 1000;
5 16 L 43 2;
94 <<1p>> -139250 -58250 33024 1050 1000;
5 16 L 44 2;
94 <<0.2p>> -119250 -58250 33024 2100 1000;
5 16 L 45 2;
94 <<1p>> -113250 -58250 33024 1050 1000;
L PARM;
5 16 B 0 3;
94 <<area=B0>> -134250 41250 32768 4200 1000;
5 16 B 1 3;
94 <<area=B1>> -95250 41250 32768 3975 1000;
5 16 B 2 3;
94 <<area=B0>> -57250 41250 32768 4200 1000;
5 16 B 3 3;
94 <<area=B1>> -9250 41250 32768 3975 1000;
5 16 B 4 3;
94 <<area=B4>> 37750 41250 32768 4200 1000;
5 16 B 5 3;
94 <<area=B5>> 85750 41250 32768 4200 1000;
5 16 B 6 3;
94 <<area=B6>> 50250 5250 33024 4200 1000;
5 16 B 7 3;
94 <<area=B7>> 45750 -1750 32768 4200 1000;
5 16 B 8 3;
94 <<area=B8>> -34750 -10750 33024 4200 1000;
5 16 B 9 3;
94 <<area=B9>> -65250 -17750 32768 4200 1000;
5 16 B 10 3;
94 <<area=B10>> -39250 -17750 32768 4575 1000;
5 16 B 11 3;
94 <<area=B11>> 42250 -49750 33024 4350 1000;
5 16 B 12 3;
94 <<area=B8>> -114750 -50750 33024 4200 1000;
5 16 B 13 3;
94 <<area=B13>> 73750 -56750 32768 4575 1000;
5 16 B 14 3;
94 <<area=B14>> 99750 -56750 32768 4575 1000;
5 16 B 15 3;
94 <<area=B9>> -145250 -57750 32768 4200 1000;
5 16 B 16 3;
94 <<area=B10>> -119250 -57750 32768 4575 1000;
L SPTX;
94 <<.param B0=2.25, B1=0.6, B4=1.8, B5=1.6, B6=1.69, B7=2.17, B8=1.69, B9=1.75, B10=2.5, B11=1.85, B13=1.63, B14=2.18>> -161000 68000 0 55425 1000;
94 <<.include ERSFQ_XOR_models.inc>> -161000 67000 0 15525 1000;
94 <<.param Bc0=1>> -161000 66000 0 6600 1000;
94 <<.param Ic0=0.0001>> -161000 65000 0 8925 1000;
94 <<.param IcRs=100u*6.859904418>> -161000 64000 0 15300 1000;
94 <<.param B0Rs=IcRs/Ic0*Bc0>> -161000 63000 0 13425 1000;
94 <<.param B0=2.25, B1=0.6, B4=1.8, B5=1.6, B7=2.17, B8=1.69, B9=1.75, B10=2.5, B11=1.85, B13=1.63, B14=2.18>> -161000 62000 0 51000 1000;
94 <<.param R0=B0Rs/B0, R1=B0Rs/B1, R4=B0Rs/B4, R5=B0Rs/B5, R6=B0Rs/B6, R7=B0Rs/B7, R8=B0Rs/B8, R9=B0Rs/B9, R10=B0Rs/B10, R11=B0Rs/B11, R13=B0Rs/B13, R14=B0Rs/B14>> -161000 61000 0 87000 1000;
DF;
E
* Generated by Xic from cell ERSFQ_XOR
.tran 0.5p 1000p 0 0.25p UIC
.param B0=2.25, B1=0.6, B4=1.8, B5=1.6, B6=1.69, B7=2.17, B8=1.69, B9=1.75, B10=2.5, B11=1.85, B13=1.63, B14=2.18
.include ERSFQ_XOR_models.inc
.param Bc0=1
.param Ic0=0.0001
.param IcRs=100u*6.859904418
.param B0Rs=IcRs/Ic0*Bc0
.param B0=2.25, B1=0.6, B4=1.8, B5=1.6, B7=2.17, B8=1.69, B9=1.75, B10=2.5, B11=1.85, B13=1.63, B14=2.18
.param R0=B0Rs/B0, R1=B0Rs/B1, R4=B0Rs/B4, R5=B0Rs/B5, R6=B0Rs/B6, R7=B0Rs/B7, R8=B0Rs/B8, R9=B0Rs/B9, R10=B0Rs/B10, R11=B0Rs/B11, R13=B0Rs/B13, R14=B0Rs/B14
B0 11 17 58 jjmit area=B0
B1 12 18 59 jjmit area=B1
B2 13 19 60 jjmit area=B0
B3 14 20 61 jjmit area=B1
B4 15 21 62 jjmit area=B4
B5 16 22 63 jjmit area=B5
B6 21 23 64 jjmit area=B6
B7 21 41 65 jjmit area=B7
B8 24 25 66 jjmit area=B8
B9 27 44 67 jjmit area=B9
B10 24 46 68 jjmit area=B10
B11 26 28 69 jjmit area=B11
B12 29 30 70 jjmit area=B8
B13 31 50 71 jjmit area=B13
B14 32 52 72 jjmit area=B14
B15 33 54 73 jjmit area=B9
B16 29 56 74 jjmit area=B10
L0 BIAS1 11 400p
L1 BIAS2 12 400p
L2 BIAS3 13 400p
L3 BIAS4 14 400p
L4 BIAS5 15 400p
L5 BIAS6 16 400p
L6 34 17 1p
L7 35 18 1p
L8 36 19 1p
L9 37 20 1p
L10 38 21 1p
L11 39 22 1p
L12 40 23 1p
L13 INCLK 21 2.436p
L14 43 25 1p
L15 41 0 0.2p
L16 42 0 1p
L17 IN2 27 2.53p
L18 27 19 1p
L19 19 24 2.1p
L20 25 20 1.6p
L21 20 26 1.9p
L22 44 0 0.2p
L23 45 0 1p
L24 46 0 0.2p
L25 47 0 1p
L26 23 31 3.07p
L27 48 28 1p
L28 49 30 1p
L29 28 31 1.422p
L30 31 22 4.047p
L31 22 32 1.047p
L32 32 OUT 2.213p
L33 IN1 33 2.53p
L34 33 17 1p
L35 17 29 2.1p
L36 30 18 1.6p
L37 18 26 1.9p
L38 50 0 0.2p
L39 51 0 1p
L40 52 0 0.2p
L41 53 0 1p
L42 54 0 0.2p
L43 55 0 1p
L44 56 0 0.2p
L45 57 0 1p
R0 11 34 R0
R1 12 35 R1
R2 13 36 R0
R3 14 37 R1
R4 15 38 R4
R5 16 39 R5
R6 21 40 R6
R7 21 42 R7
R8 24 43 R8
R9 27 45 R9
R10 24 47 R10
R11 26 48 R11
R12 29 49 R8
R13 31 51 R13
R14 32 53 R14
R15 33 55 R9
R16 29 57 R10
.model jjmit jj(rtype=1, vg=2.8mV, cap=0.07pF, r0=160, rn=16, icrit=0.1mA)

* YBCO
