(Symbol ERSFQ_JTL);
($Id:$);
(xic.exe 4.3.5 Win32 i386 05/11/2018 09:58 GMT);
(PHYSICAL);
(RESOLUTION 1000);
( CREATED 5/11/2018 9:58:6, MODIFIED 5/11/2018 9:58:6 );
9 ERSFQ_JTL;
DS 0 1 1;
DF;
E
(ELECTRICAL);
(RESOLUTION 1000);
5 7101 tran 0.5p 1000p 0 0.25p UIC;
5 10 1 0 -37000 -5000 0x0 IN;
5 10 2 1 25000 -5000 0x0 OUT;
5 10 3 2 -11000 37000 0x0 BIAS1;
5 11 X 0 subckt;
9 ERSFQ_JTL;
DS 0 1 1;
(SymbolCall gnd);
5 10 0 0 -27000 -25000;
1 Bound -28000 -27600 -26000 -25000;
9 gnd;
C 0 T -28000 -26000;
(SymbolCall gnd);
5 10 0 0 -21000 -25000;
1 Bound -22000 -27600 -20000 -25000;
9 gnd;
C 0 T -22000 -26000;
(SymbolCall gnd);
5 10 0 0 -1000 -25000;
1 Bound -2000 -27600 0 -25000;
9 gnd;
C 0 T -2000 -26000;
(SymbolCall gnd);
5 10 0 0 5000 -25000;
1 Bound 4000 -27600 6000 -25000;
9 gnd;
C 0 T 4000 -26000;
(SymbolCall ind);
5 10 4 1 -11000 27000 L0-;
5 10 3 0 -11000 37000 L0+;
5 15 -10000 36000 0 -1;
5 2 400p;
5 11 L 0;
1 Bound -11000 27000 -9500 37000;
9 ind;
C 0 T -12000 27000;
(SymbolCall ind);
5 10 5 1 -11000 7000 L1-;
5 10 8 0 -11000 17000 L1+;
5 15 -10000 16000 0 -1;
5 2 1p;
5 11 L 1;
1 Bound -11000 7000 -9500 17000;
9 ind;
C 0 T -12000 7000;
(SymbolCall ind);
5 10 6 1 -27000 -5000 L2-;
5 10 1 0 -37000 -5000 L2+;
5 15 -36000 -4000 1 0;
5 11 L 2;
5 2 2p;
1 Bound -37000 -5000 -27000 -3500;
( Rotate 90 );
9 ind;
C 0 R 0 1 T -27000 -6000;
(SymbolCall ind);
5 10 5 1 -11000 -5000 L3-;
5 10 6 0 -21000 -5000 L3+;
5 15 -20000 -4000 1 0;
5 11 L 3;
5 2 2p;
1 Bound -21000 -5000 -11000 -3500;
( Rotate 90 );
9 ind;
C 0 R 0 1 T -11000 -6000;
(SymbolCall ind);
5 10 7 1 -1000 -5000 L4-;
5 10 5 0 -11000 -5000 L4+;
5 15 -10000 -4000 1 0;
5 11 L 4;
5 2 2p;
1 Bound -11000 -5000 -1000 -3500;
( Rotate 90 );
9 ind;
C 0 R 0 1 T -1000 -6000;
(SymbolCall ind);
5 10 2 1 25000 -5000 L5-;
5 10 7 0 15000 -5000 L5+;
5 15 16000 -4000 1 0;
5 11 L 5;
5 2 4.5p;
1 Bound 15000 -5000 25000 -3500;
( Rotate 90 );
9 ind;
C 0 R 0 1 T 25000 -6000;
(SymbolCall ind);
5 10 0 1 -27000 -25000 L6-;
5 10 9 0 -27000 -15000 L6+;
5 15 -26000 -16000 0 -1;
5 2 0.2p;
5 11 L 6;
1 Bound -27000 -25000 -25500 -15000;
9 ind;
C 0 T -28000 -25000;
(SymbolCall ind);
5 10 0 1 -21000 -25000 L7-;
5 10 10 0 -21000 -15000 L7+;
5 15 -20000 -16000 0 -1;
5 2 1p;
5 11 L 7;
1 Bound -21000 -25000 -19500 -15000;
9 ind;
C 0 T -22000 -25000;
(SymbolCall ind);
5 10 0 1 -1000 -25000 L8-;
5 10 11 0 -1000 -15000 L8+;
5 15 0 -16000 0 -1;
5 2 0.2p;
5 11 L 8;
1 Bound -1000 -25000 500 -15000;
9 ind;
C 0 T -2000 -25000;
(SymbolCall ind);
5 10 0 1 5000 -25000 L9-;
5 10 12 0 5000 -15000 L9+;
5 15 6000 -16000 0 -1;
5 2 1p;
5 11 L 9;
1 Bound 5000 -25000 6500 -15000;
9 ind;
C 0 T 4000 -25000;
(SymbolCall jj);
5 3 area=B0;
5 10 13 2 -18000 25000 B0_2;
5 10 5 1 -17000 17000 B0-;
5 10 4 0 -17000 27000 B0+;
5 11 B 0;
5 1 jjmit;
1 Bound -18500 17000 -15500 27000;
9 jj;
C 0 T -18000 17000;
(SymbolCall jj);
5 3 area=B1;
5 10 14 2 -28000 -7000 B1_2;
5 10 9 1 -27000 -15000 B1-;
5 10 6 0 -27000 -5000 B1+;
5 11 B 1;
5 1 jjmit;
1 Bound -28500 -15000 -25500 -5000;
9 jj;
C 0 T -28000 -15000;
(SymbolCall jj);
5 3 area=B1;
5 10 15 2 -2000 -7000 B2_2;
5 10 11 1 -1000 -15000 B2-;
5 10 7 0 -1000 -5000 B2+;
5 11 B 2;
5 1 jjmit;
1 Bound -2500 -15000 500 -5000;
9 jj;
C 0 T -2000 -15000;
(SymbolCall res);
5 2 R0;
5 10 8 1 -11000 17000 R0-;
5 10 4 0 -11000 27000 R0+;
5 15 -12000 26000 0 -1 "<v>/<value>O";
5 11 R 0;
1 Bound -12250 17000 -10000 27000;
9 res;
C 0 T -11000 27000;
(SymbolCall res);
5 2 R1;
5 10 10 1 -21000 -15000 R1-;
5 10 6 0 -21000 -5000 R1+;
5 15 -22000 -6000 0 -1 "<v>/<value>O";
5 11 R 1;
1 Bound -22250 -15000 -20000 -5000;
9 res;
C 0 T -21000 -5000;
(SymbolCall res);
5 2 R1;
5 10 12 1 5000 -15000 R2-;
5 10 7 0 5000 -5000 R2+;
5 15 4000 -6000 0 -1 "<v>/<value>O";
5 11 R 2;
1 Bound 3750 -15000 6000 -5000;
9 res;
C 0 T 5000 -5000;
L SCED;
94 <<L31>> -4000 34000 320 5632 3584;
5 10 4;
W2 0 -17000 27000 -11000 27000;
5 10 5;
W2 0 -17000 17000 -17000 7000 -11000 7000 -11000 -5000;
5 10 6;
W2 0 -27000 -5000 -21000 -5000;
5 10 7;
W2 0 -1000 -5000 5000 -5000 15000 -5000;
L NAME;
5 16 L 0 11;
94 <<L0>> -11250 35750 320 1275 1000;
5 16 B 0 11;
94 <<B0>> -18750 25750 320 1275 1000;
5 16 R 0 11;
94 <<R0>> -12500 25750 320 1275 1000;
5 16 L 1 11;
94 <<L1>> -11250 15750 320 1050 1000;
5 16 L 2 11;
94 <<L2>> -36750 -3250 0 1275 1000;
5 16 L 3 11;
94 <<L3>> -20750 -3250 0 1275 1000;
5 16 L 4 11;
94 <<L4>> -10750 -3250 0 1275 1000;
5 16 L 5 11;
94 <<L5>> 15250 -3250 0 1275 1000;
5 16 B 1 11;
94 <<B1>> -28750 -6250 320 1050 1000;
5 16 R 1 11;
94 <<R1>> -22500 -6250 320 1050 1000;
5 16 B 2 11;
94 <<B2>> -2750 -6250 320 1275 1000;
5 16 R 2 11;
94 <<R2>> 3500 -6250 320 1275 1000;
5 16 L 6 11;
94 <<L6>> -27250 -16250 320 1275 1000;
5 16 L 7 11;
94 <<L7>> -21250 -16250 320 1275 1000;
5 16 L 8 11;
94 <<L8>> -1250 -16250 320 1275 1000;
5 16 L 9 11;
94 <<L9>> 4750 -16250 320 1275 1000;
L MODL;
5 16 B 0 1;
94 <<jjmit>> -15250 26750 256 2550 1000;
5 16 B 1 1;
94 <<jjmit>> -25250 -5250 256 2550 1000;
5 16 B 2 1;
94 <<jjmit>> 750 -5250 256 2550 1000;
L VALU;
5 16 L 0 2;
94 <<400p>> -9250 36750 33024 2475 1000;
5 16 R 0 2;
94 <<R0>> -9750 26750 33024 1275 1000;
5 16 L 1 2;
94 <<1p>> -9250 16750 33024 1050 1000;
5 16 L 2 2;
94 <<2p>> -27250 -5250 33088 1275 1000;
5 16 R 1 2;
94 <<R1>> -19750 -5250 33024 1050 1000;
5 16 L 3 2;
94 <<2p>> -11250 -5250 33088 1275 1000;
5 16 L 4 2;
94 <<2p>> -1250 -5250 33088 1275 1000;
5 16 R 2 2;
94 <<R1>> 6250 -5250 33024 1050 1000;
5 16 L 5 2;
94 <<4.5p>> 24750 -5250 33088 2100 1000;
5 16 L 6 2;
94 <<0.2p>> -25250 -15250 33024 2100 1000;
5 16 L 7 2;
94 <<1p>> -19250 -15250 33024 1050 1000;
5 16 L 8 2;
94 <<0.2p>> 750 -15250 33024 2100 1000;
5 16 L 9 2;
94 <<1p>> 6750 -15250 33024 1050 1000;
L PARM;
5 16 B 0 3;
94 <<area=B0>> -15250 17250 32768 4200 1000;
5 16 B 1 3;
94 <<area=B1>> -25250 -14750 32768 3975 1000;
5 16 B 2 3;
94 <<area=B1>> 750 -14750 32768 3975 1000;
L SPTX;
94 <<.include ERSFQ_JTL_models.inc>> -37000 42000 0 15525 1000;
94 <<.param Bc0=1>> -37000 41000 0 6600 1000;
94 <<.param Ic0=0.0001>> -37000 40000 0 8925 1000;
94 <<.param IcRs=100u*6.859904418>> -37000 39000 0 15300 1000;
94 <<.param B0Rs=IcRs/Ic0*Bc0>> -37000 38000 0 13425 1000;
94 <<.param B0=3.5, B1=2.5, R0=B0Rs/B0, R1=B0Rs/B1>> -37000 37000 0 24075 1000;
DF;
E
* Generated by Xic from cell ERSFQ_JTL
.tran 0.5p 1000p 0 0.25p UIC
.include ERSFQ_JTL_models.inc
.param Bc0=1
.param Ic0=0.0001
.param IcRs=100u*6.859904418
.param B0Rs=IcRs/Ic0*Bc0
.param B0=3.5, B1=2.5, R0=B0Rs/B0, R1=B0Rs/B1
B0 4 5 13 jjmit area=B0
B1 6 9 14 jjmit area=B1
B2 7 11 15 jjmit area=B1
L0 BIAS1 4 400p
L1 8 5 1p
L2 IN 6 2p
L3 6 5 2p
L4 5 7 2p
L5 7 OUT 4.5p
L6 9 0 0.2p
L7 10 0 1p
L8 11 0 0.2p
L9 12 0 1p
R0 4 8 R0
R1 6 10 R1
R2 7 12 R1
.model jjmit jj(rtype=1, vg=2.8mV, cap=0.07pF, r0=160, rn=16, icrit=0.1mA)

* YBCO
