(Symbol ERSFQ_NOT);
($Id:$);
(xic.exe 4.3.4 Win32 i386 04/24/2018 10:45 GMT);
(PHYSICAL);
(RESOLUTION 1000);
( CREATED 4/24/2018 10:45:11, MODIFIED 4/24/2018 10:45:11 );
9 ERSFQ_NOT;
DS 0 1 1;
DF;
E
(ELECTRICAL);
(RESOLUTION 1000);
5 10 1 0 -95000 -39000 0x0 IN;
5 10 2 1 -95000 13000 0x0 CLK;
5 10 3 2 -95000 124000 0x0 IBIAS;
5 10 4 3 92000 44000 0x0 OUT;
5 11 X 0 subckt;
9 ERSFQ_NOT;
DS 0 1 1;
(SymbolCall gnd);
5 10 0 0 -85000 144000;
1 Bound -86000 144000 -84000 146600;
( Rotate 180 );
9 gnd;
C 0 R -1 0 T -84000 145000;
(SymbolCall gnd);
5 10 0 0 -79000 144000;
1 Bound -80000 144000 -78000 146600;
( Rotate 180 );
9 gnd;
C 0 R -1 0 T -78000 145000;
(SymbolCall gnd);
5 10 0 0 -59000 144000;
1 Bound -60000 144000 -58000 146600;
( Rotate 180 );
9 gnd;
C 0 R -1 0 T -58000 145000;
(SymbolCall gnd);
5 10 0 0 -53000 144000;
1 Bound -54000 144000 -52000 146600;
( Rotate 180 );
9 gnd;
C 0 R -1 0 T -52000 145000;
(SymbolCall gnd);
5 10 0 0 -43000 144000;
1 Bound -44000 144000 -42000 146600;
( Rotate 180 );
9 gnd;
C 0 R -1 0 T -42000 145000;
(SymbolCall gnd);
5 10 0 0 -37000 144000;
1 Bound -38000 144000 -36000 146600;
( Rotate 180 );
9 gnd;
C 0 R -1 0 T -36000 145000;
(SymbolCall gnd);
5 10 0 0 -17000 144000;
1 Bound -18000 144000 -16000 146600;
( Rotate 180 );
9 gnd;
C 0 R -1 0 T -16000 145000;
(SymbolCall gnd);
5 10 0 0 -11000 144000;
1 Bound -12000 144000 -10000 146600;
( Rotate 180 );
9 gnd;
C 0 R -1 0 T -10000 145000;
(SymbolCall gnd);
5 10 0 0 -1000 144000;
1 Bound -2000 144000 0 146600;
( Rotate 180 );
9 gnd;
C 0 R -1 0 T 0 145000;
(SymbolCall gnd);
5 10 0 0 5000 144000;
1 Bound 4000 144000 6000 146600;
( Rotate 180 );
9 gnd;
C 0 R -1 0 T 6000 145000;
(SymbolCall gnd);
5 10 0 0 25000 144000;
1 Bound 24000 144000 26000 146600;
( Rotate 180 );
9 gnd;
C 0 R -1 0 T 26000 145000;
(SymbolCall gnd);
5 10 0 0 31000 144000;
1 Bound 30000 144000 32000 146600;
( Rotate 180 );
9 gnd;
C 0 R -1 0 T 32000 145000;
(SymbolCall gnd);
5 10 0 0 41000 144000;
1 Bound 40000 144000 42000 146600;
( Rotate 180 );
9 gnd;
C 0 R -1 0 T 42000 145000;
(SymbolCall gnd);
5 10 0 0 47000 144000;
1 Bound 46000 144000 48000 146600;
( Rotate 180 );
9 gnd;
C 0 R -1 0 T 48000 145000;
(SymbolCall gnd);
5 10 0 0 67000 144000;
1 Bound 66000 144000 68000 146600;
( Rotate 180 );
9 gnd;
C 0 R -1 0 T 68000 145000;
(SymbolCall gnd);
5 10 0 0 73000 144000;
1 Bound 72000 144000 74000 146600;
( Rotate 180 );
9 gnd;
C 0 R -1 0 T 74000 145000;
(SymbolCall gnd);
5 10 0 0 -85000 87000;
1 Bound -86000 84400 -84000 87000;
9 gnd;
C 0 T -86000 86000;
(SymbolCall gnd);
5 10 0 0 50000 24000;
1 Bound 49000 21400 51000 24000;
9 gnd;
C 0 T 49000 23000;
(SymbolCall gnd);
5 10 0 0 56000 24000;
1 Bound 55000 21400 57000 24000;
9 gnd;
C 0 T 55000 23000;
(SymbolCall gnd);
5 10 0 0 76000 24000;
1 Bound 75000 21400 77000 24000;
9 gnd;
C 0 T 75000 23000;
(SymbolCall gnd);
5 10 0 0 82000 24000;
1 Bound 81000 21400 83000 24000;
9 gnd;
C 0 T 81000 23000;
(SymbolCall gnd);
5 10 0 0 -34000 -7000;
1 Bound -35000 -9600 -33000 -7000;
9 gnd;
C 0 T -35000 -8000;
(SymbolCall gnd);
5 10 0 0 -28000 -7000;
1 Bound -29000 -9600 -27000 -7000;
9 gnd;
C 0 T -29000 -8000;
(SymbolCall gnd);
5 10 0 0 -8000 -7000;
1 Bound -9000 -9600 -7000 -7000;
9 gnd;
C 0 T -9000 -8000;
(SymbolCall gnd);
5 10 0 0 -2000 -7000;
1 Bound -3000 -9600 -1000 -7000;
9 gnd;
C 0 T -3000 -8000;
(SymbolCall gnd);
5 10 0 0 8000 -7000;
1 Bound 7000 -9600 9000 -7000;
9 gnd;
C 0 T 7000 -8000;
(SymbolCall gnd);
5 10 0 0 14000 -7000;
1 Bound 13000 -9600 15000 -7000;
9 gnd;
C 0 T 13000 -8000;
(SymbolCall gnd);
5 10 0 0 62000 -39000;
1 Bound 61000 -41600 63000 -39000;
9 gnd;
C 0 T 61000 -40000;
(SymbolCall gnd);
5 10 0 0 -80000 -59000;
1 Bound -81000 -61600 -79000 -59000;
9 gnd;
C 0 T -81000 -60000;
(SymbolCall gnd);
5 10 0 0 -74000 -59000;
1 Bound -75000 -61600 -73000 -59000;
9 gnd;
C 0 T -75000 -60000;
(SymbolCall gnd);
5 10 0 0 -54000 -59000;
1 Bound -55000 -61600 -53000 -59000;
9 gnd;
C 0 T -55000 -60000;
(SymbolCall gnd);
5 10 0 0 -48000 -59000;
1 Bound -49000 -61600 -47000 -59000;
9 gnd;
C 0 T -49000 -60000;
(SymbolCall gnd);
5 10 0 0 36000 -59000;
1 Bound 35000 -61600 37000 -59000;
9 gnd;
C 0 T 35000 -60000;
(SymbolCall gnd);
5 10 0 0 42000 -59000;
1 Bound 41000 -61600 43000 -59000;
9 gnd;
C 0 T 41000 -60000;
(SymbolCall ind);
5 10 0 1 -85000 144000 L0-;
5 10 46 0 -85000 134000 L0+;
5 15 -86000 135000 0 1;
5 2 1p;
5 11 L 0;
1 Bound -86500 134000 -85000 144000;
( Rotate 180 );
9 ind;
C 0 R -1 0 T -84000 144000;
(SymbolCall ind);
5 10 0 1 -79000 144000 L1-;
5 10 47 0 -79000 134000 L1+;
5 15 -80000 135000 0 1;
5 2 0.2p;
5 11 L 1;
1 Bound -80500 134000 -79000 144000;
( Rotate 180 );
9 ind;
C 0 R -1 0 T -78000 144000;
(SymbolCall ind);
5 10 0 1 -59000 144000 L2-;
5 10 48 0 -59000 134000 L2+;
5 15 -60000 135000 0 1;
5 2 1p;
5 11 L 2;
1 Bound -60500 134000 -59000 144000;
( Rotate 180 );
9 ind;
C 0 R -1 0 T -58000 144000;
(SymbolCall ind);
5 10 0 1 -53000 144000 L3-;
5 10 49 0 -53000 134000 L3+;
5 15 -54000 135000 0 1;
5 2 0.2p;
5 11 L 3;
1 Bound -54500 134000 -53000 144000;
( Rotate 180 );
9 ind;
C 0 R -1 0 T -52000 144000;
(SymbolCall ind);
5 10 0 1 -43000 144000 L4-;
5 10 50 0 -43000 134000 L4+;
5 15 -44000 135000 0 1;
5 2 1p;
5 11 L 4;
1 Bound -44500 134000 -43000 144000;
( Rotate 180 );
9 ind;
C 0 R -1 0 T -42000 144000;
(SymbolCall ind);
5 10 0 1 -37000 144000 L5-;
5 10 51 0 -37000 134000 L5+;
5 15 -38000 135000 0 1;
5 2 0.2p;
5 11 L 5;
1 Bound -38500 134000 -37000 144000;
( Rotate 180 );
9 ind;
C 0 R -1 0 T -36000 144000;
(SymbolCall ind);
5 10 0 1 -17000 144000 L6-;
5 10 52 0 -17000 134000 L6+;
5 15 -18000 135000 0 1;
5 2 1p;
5 11 L 6;
1 Bound -18500 134000 -17000 144000;
( Rotate 180 );
9 ind;
C 0 R -1 0 T -16000 144000;
(SymbolCall ind);
5 10 0 1 -11000 144000 L7-;
5 10 53 0 -11000 134000 L7+;
5 15 -12000 135000 0 1;
5 2 0.2p;
5 11 L 7;
1 Bound -12500 134000 -11000 144000;
( Rotate 180 );
9 ind;
C 0 R -1 0 T -10000 144000;
(SymbolCall ind);
5 10 0 1 -1000 144000 L8-;
5 10 54 0 -1000 134000 L8+;
5 15 -2000 135000 0 1;
5 2 1p;
5 11 L 8;
1 Bound -2500 134000 -1000 144000;
( Rotate 180 );
9 ind;
C 0 R -1 0 T 0 144000;
(SymbolCall ind);
5 10 0 1 5000 144000 L9-;
5 10 55 0 5000 134000 L9+;
5 15 4000 135000 0 1;
5 2 0.2p;
5 11 L 9;
1 Bound 3500 134000 5000 144000;
( Rotate 180 );
9 ind;
C 0 R -1 0 T 6000 144000;
(SymbolCall ind);
5 10 0 1 25000 144000 L10-;
5 10 56 0 25000 134000 L10+;
5 15 24000 135000 0 1;
5 2 1p;
5 11 L 10;
1 Bound 23500 134000 25000 144000;
( Rotate 180 );
9 ind;
C 0 R -1 0 T 26000 144000;
(SymbolCall ind);
5 10 0 1 31000 144000 L11-;
5 10 57 0 31000 134000 L11+;
5 15 30000 135000 0 1;
5 2 0.2p;
5 11 L 11;
1 Bound 29500 134000 31000 144000;
( Rotate 180 );
9 ind;
C 0 R -1 0 T 32000 144000;
(SymbolCall ind);
5 10 0 1 41000 144000 L12-;
5 10 58 0 41000 134000 L12+;
5 15 40000 135000 0 1;
5 2 1p;
5 11 L 12;
1 Bound 39500 134000 41000 144000;
( Rotate 180 );
9 ind;
C 0 R -1 0 T 42000 144000;
(SymbolCall ind);
5 10 0 1 47000 144000 L13-;
5 10 59 0 47000 134000 L13+;
5 15 46000 135000 0 1;
5 2 0.2p;
5 11 L 13;
1 Bound 45500 134000 47000 144000;
( Rotate 180 );
9 ind;
C 0 R -1 0 T 48000 144000;
(SymbolCall ind);
5 10 0 1 67000 144000 L14-;
5 10 60 0 67000 134000 L14+;
5 15 66000 135000 0 1;
5 2 1p;
5 11 L 14;
1 Bound 65500 134000 67000 144000;
( Rotate 180 );
9 ind;
C 0 R -1 0 T 68000 144000;
(SymbolCall ind);
5 10 0 1 73000 144000 L15-;
5 10 61 0 73000 134000 L15+;
5 15 72000 135000 0 1;
5 2 0.2p;
5 11 L 15;
1 Bound 71500 134000 73000 144000;
( Rotate 180 );
9 ind;
C 0 R -1 0 T 74000 144000;
(SymbolCall ind);
5 10 3 1 -95000 124000 L16-;
5 10 5 0 -85000 124000 L16+;
5 15 -86000 123000 -1 0;
5 2 2p;
5 11 L 16;
1 Bound -95000 122500 -85000 124000;
( Rotate 270 );
9 ind;
C 0 R 0 -1 T -95000 125000;
(SymbolCall ind);
5 10 5 1 -79000 124000 L17-;
5 10 6 0 -69000 124000 L17+;
5 15 -70000 123000 -1 0;
5 2 2p;
5 11 L 17;
1 Bound -79000 122500 -69000 124000;
( Rotate 270 );
9 ind;
C 0 R 0 -1 T -79000 125000;
(SymbolCall ind);
5 10 6 1 -69000 124000 L18-;
5 10 7 0 -59000 124000 L18+;
5 15 -60000 123000 -1 0;
5 2 2p;
5 11 L 18;
1 Bound -69000 122500 -59000 124000;
( Rotate 270 );
9 ind;
C 0 R 0 -1 T -69000 125000;
(SymbolCall ind);
5 10 7 1 -53000 124000 L19-;
5 10 8 0 -43000 124000 L19+;
5 15 -44000 123000 -1 0;
5 2 2p;
5 11 L 19;
1 Bound -53000 122500 -43000 124000;
( Rotate 270 );
9 ind;
C 0 R 0 -1 T -53000 125000;
(SymbolCall ind);
5 10 8 1 -37000 124000 L20-;
5 10 9 0 -27000 124000 L20+;
5 15 -28000 123000 -1 0;
5 2 2p;
5 11 L 20;
1 Bound -37000 122500 -27000 124000;
( Rotate 270 );
9 ind;
C 0 R 0 -1 T -37000 125000;
(SymbolCall ind);
5 10 9 1 -27000 124000 L21-;
5 10 10 0 -17000 124000 L21+;
5 15 -18000 123000 -1 0;
5 2 2p;
5 11 L 21;
1 Bound -27000 122500 -17000 124000;
( Rotate 270 );
9 ind;
C 0 R 0 -1 T -27000 125000;
(SymbolCall ind);
5 10 10 1 -11000 124000 L22-;
5 10 11 0 -1000 124000 L22+;
5 15 -2000 123000 -1 0;
5 2 2p;
5 11 L 22;
1 Bound -11000 122500 -1000 124000;
( Rotate 270 );
9 ind;
C 0 R 0 -1 T -11000 125000;
(SymbolCall ind);
5 10 11 1 5000 124000 L23-;
5 10 12 0 15000 124000 L23+;
5 15 14000 123000 -1 0;
5 2 2p;
5 11 L 23;
1 Bound 5000 122500 15000 124000;
( Rotate 270 );
9 ind;
C 0 R 0 -1 T 5000 125000;
(SymbolCall ind);
5 10 12 1 15000 124000 L24-;
5 10 13 0 25000 124000 L24+;
5 15 24000 123000 -1 0;
5 2 2p;
5 11 L 24;
1 Bound 15000 122500 25000 124000;
( Rotate 270 );
9 ind;
C 0 R 0 -1 T 15000 125000;
(SymbolCall ind);
5 10 13 1 31000 124000 L25-;
5 10 14 0 41000 124000 L25+;
5 15 40000 123000 -1 0;
5 2 2p;
5 11 L 25;
1 Bound 31000 122500 41000 124000;
( Rotate 270 );
9 ind;
C 0 R 0 -1 T 31000 125000;
(SymbolCall ind);
5 10 14 1 47000 124000 L26-;
5 10 15 0 57000 124000 L26+;
5 15 56000 123000 -1 0;
5 2 2p;
5 11 L 26;
1 Bound 47000 122500 57000 124000;
( Rotate 270 );
9 ind;
C 0 R 0 -1 T 47000 125000;
(SymbolCall ind);
5 10 15 1 57000 124000 L27-;
5 10 16 0 67000 124000 L27+;
5 15 66000 123000 -1 0;
5 2 2p;
5 11 L 27;
1 Bound 57000 122500 67000 124000;
( Rotate 270 );
9 ind;
C 0 R 0 -1 T 57000 125000;
(SymbolCall ind);
5 10 6 1 -65000 117000 L28-;
5 10 62 0 -65000 107000 L28+;
5 15 -66000 108000 0 1;
5 11 L 28;
5 2 1p;
1 Bound -66500 107000 -65000 117000;
( Rotate 180 );
9 ind;
C 0 R -1 0 T -64000 117000;
(SymbolCall ind);
5 10 9 1 -19000 117000 L29-;
5 10 63 0 -19000 107000 L29+;
5 15 -20000 108000 0 1;
5 11 L 29;
5 2 1p;
1 Bound -20500 107000 -19000 117000;
( Rotate 180 );
9 ind;
C 0 R -1 0 T -18000 117000;
(SymbolCall ind);
5 10 12 1 19000 117000 L30-;
5 10 64 0 19000 107000 L30+;
5 15 18000 108000 0 1;
5 11 L 30;
5 2 1p;
1 Bound 17500 107000 19000 117000;
( Rotate 180 );
9 ind;
C 0 R -1 0 T 20000 117000;
(SymbolCall ind);
5 10 15 1 60000 117000 L31-;
5 10 65 0 60000 107000 L31+;
5 15 59000 108000 0 1;
5 2 1p;
5 11 L 31;
1 Bound 58500 107000 60000 117000;
( Rotate 180 );
9 ind;
C 0 R -1 0 T 61000 117000;
(SymbolCall ind);
5 10 17 1 -65000 97000 L32-;
5 10 21 0 -65000 87000 L32+;
5 15 -66000 88000 0 1;
5 2 400p;
5 11 L 32;
1 Bound -66500 87000 -65000 97000;
( Rotate 180 );
9 ind;
C 0 R -1 0 T -64000 97000;
(SymbolCall ind);
5 10 18 1 -19000 97000 L33-;
5 10 22 0 -19000 87000 L33+;
5 15 -20000 88000 0 1;
5 2 400p;
5 11 L 33;
1 Bound -20500 87000 -19000 97000;
( Rotate 180 );
9 ind;
C 0 R -1 0 T -18000 97000;
(SymbolCall ind);
5 10 19 1 19000 97000 L34-;
5 10 23 0 19000 87000 L34+;
5 15 18000 88000 0 1;
5 2 400p;
5 11 L 34;
1 Bound 17500 87000 19000 97000;
( Rotate 180 );
9 ind;
C 0 R -1 0 T 20000 97000;
(SymbolCall ind);
5 10 20 1 60000 97000 L35-;
5 10 66 0 60000 87000 L35+;
5 15 59000 88000 0 1;
5 11 L 35;
5 2 400p;
1 Bound 58500 87000 60000 97000;
( Rotate 180 );
9 ind;
C 0 R -1 0 T 61000 97000;
(SymbolCall ind);
5 10 21 1 -65000 87000 L36-;
5 10 67 0 -75000 87000 L36+;
5 15 -74000 88000 1 0;
5 2 10p;
5 11 L 36;
1 Bound -75000 87000 -65000 88500;
( Rotate 90 );
9 ind;
C 0 R 0 1 T -65000 86000;
(SymbolCall ind);
5 10 22 1 -19000 87000 L37-;
5 10 21 0 -29000 87000 L37+;
5 15 -28000 88000 1 0;
5 2 10p;
5 11 L 37;
1 Bound -29000 87000 -19000 88500;
( Rotate 90 );
9 ind;
C 0 R 0 1 T -19000 86000;
(SymbolCall ind);
5 10 23 1 19000 87000 L38-;
5 10 22 0 9000 87000 L38+;
5 15 10000 88000 1 0;
5 2 10p;
5 11 L 38;
1 Bound 9000 87000 19000 88500;
( Rotate 90 );
9 ind;
C 0 R 0 1 T 19000 86000;
(SymbolCall ind);
5 10 66 1 60000 87000 L39-;
5 10 23 0 50000 87000 L39+;
5 15 51000 88000 1 0;
5 2 10p;
5 11 L 39;
1 Bound 50000 87000 60000 88500;
( Rotate 90 );
9 ind;
C 0 R 0 1 T 60000 86000;
(SymbolCall ind);
5 10 24 1 -65000 77000 L40-;
5 10 21 0 -65000 87000 L40+;
5 15 -64000 86000 0 -1;
5 11 L 40;
5 2 400p;
1 Bound -65000 77000 -63500 87000;
9 ind;
C 0 T -66000 77000;
(SymbolCall ind);
5 10 25 1 -19000 77000 L41-;
5 10 22 0 -19000 87000 L41+;
5 15 -18000 86000 0 -1;
5 11 L 41;
5 2 400p;
1 Bound -19000 77000 -17500 87000;
9 ind;
C 0 T -20000 77000;
(SymbolCall ind);
5 10 26 1 19000 77000 L42-;
5 10 23 0 19000 87000 L42+;
5 15 20000 86000 0 -1;
5 11 L 42;
5 2 400p;
1 Bound 19000 77000 20500 87000;
9 ind;
C 0 T 18000 77000;
(SymbolCall ind);
5 10 27 1 60000 77000 L43-;
5 10 66 0 60000 87000 L43+;
5 15 61000 86000 0 -1;
5 2 400p;
5 11 L 43;
1 Bound 60000 77000 61500 87000;
9 ind;
C 0 T 59000 77000;
(SymbolCall ind);
5 10 28 1 -59000 57000 L44-;
5 10 68 0 -59000 67000 L44+;
5 15 -58000 66000 0 -1;
5 11 L 44;
5 2 1p;
1 Bound -59000 57000 -57500 67000;
9 ind;
C 0 T -60000 57000;
(SymbolCall ind);
5 10 29 1 -13000 57000 L45-;
5 10 69 0 -13000 67000 L45+;
5 15 -12000 66000 0 -1;
5 11 L 45;
5 2 1p;
1 Bound -13000 57000 -11500 67000;
9 ind;
C 0 T -14000 57000;
(SymbolCall ind);
5 10 30 1 25000 57000 L46-;
5 10 70 0 25000 67000 L46+;
5 15 26000 66000 0 -1;
5 11 L 46;
5 2 1p;
1 Bound 25000 57000 26500 67000;
9 ind;
C 0 T 24000 57000;
(SymbolCall ind);
5 10 31 1 66000 57000 L47-;
5 10 71 0 66000 67000 L47+;
5 15 67000 66000 0 -1;
5 2 1p;
5 11 L 47;
1 Bound 66000 57000 67500 67000;
9 ind;
C 0 T 65000 57000;
(SymbolCall ind);
5 10 33 1 34000 44000 L48-;
5 10 72 0 24000 44000 L48+;
5 15 25000 45000 1 0;
5 2 1p;
5 11 L 48;
1 Bound 24000 44000 34000 45500;
( Rotate 90 );
9 ind;
C 0 R 0 1 T 34000 43000;
(SymbolCall ind);
5 10 34 1 50000 44000 L49-;
5 10 33 0 40000 44000 L49+;
5 15 41000 45000 1 0;
5 2 0.239p;
5 11 L 49;
1 Bound 40000 44000 50000 45500;
( Rotate 90 );
9 ind;
C 0 R 0 1 T 50000 43000;
(SymbolCall ind);
5 10 31 1 66000 44000 L50-;
5 10 34 0 56000 44000 L50+;
5 15 57000 45000 1 0;
5 2 5.53p;
5 11 L 50;
1 Bound 56000 44000 66000 45500;
( Rotate 90 );
9 ind;
C 0 R 0 1 T 66000 43000;
(SymbolCall ind);
5 10 35 1 76000 44000 L51-;
5 10 31 0 66000 44000 L51+;
5 15 67000 45000 1 0;
5 2 1p;
5 11 L 51;
1 Bound 66000 44000 76000 45500;
( Rotate 90 );
9 ind;
C 0 R 0 1 T 76000 43000;
(SymbolCall ind);
5 10 4 1 92000 44000 L52-;
5 10 35 0 82000 44000 L52+;
5 15 83000 45000 1 0;
5 2 1.846p;
5 11 L 52;
1 Bound 82000 44000 92000 45500;
( Rotate 90 );
9 ind;
C 0 R 0 1 T 92000 43000;
(SymbolCall ind);
5 10 36 1 40000 33000 L53-;
5 10 33 0 40000 43000 L53+;
5 15 41000 42000 0 -1;
5 2 0.734p;
5 11 L 53;
1 Bound 40000 33000 41500 43000;
9 ind;
C 0 T 39000 33000;
(SymbolCall ind);
5 10 0 1 50000 24000 L54-;
5 10 73 0 50000 34000 L54+;
5 15 51000 33000 0 -1;
5 2 0.27p;
5 11 L 54;
1 Bound 50000 24000 51500 34000;
9 ind;
C 0 T 49000 24000;
(SymbolCall ind);
5 10 0 1 56000 24000 L55-;
5 10 74 0 56000 34000 L55+;
5 15 57000 33000 0 -1;
5 2 1p;
5 11 L 55;
1 Bound 56000 24000 57500 34000;
9 ind;
C 0 T 55000 24000;
(SymbolCall ind);
5 10 0 1 76000 24000 L56-;
5 10 75 0 76000 34000 L56+;
5 15 77000 33000 0 -1;
5 2 0.12p;
5 11 L 56;
1 Bound 76000 24000 77500 34000;
9 ind;
C 0 T 75000 24000;
(SymbolCall ind);
5 10 0 1 82000 24000 L57-;
5 10 76 0 82000 34000 L57+;
5 15 83000 33000 0 -1;
5 2 1p;
5 11 L 57;
1 Bound 82000 24000 83500 34000;
9 ind;
C 0 T 81000 24000;
(SymbolCall ind);
5 10 36 1 34000 33000 L58-;
5 10 77 0 34000 23000 L58+;
5 15 33000 24000 0 1;
5 2 1p;
5 11 L 58;
1 Bound 32500 23000 34000 33000;
( Rotate 180 );
9 ind;
C 0 R -1 0 T 35000 33000;
(SymbolCall ind);
5 10 32 1 8000 23000 L59-;
5 10 39 0 8000 13000 L59+;
5 15 7000 14000 0 1;
5 2 3p;
5 11 L 59;
1 Bound 6500 13000 8000 23000;
( Rotate 180 );
9 ind;
C 0 R -1 0 T 9000 23000;
(SymbolCall ind);
5 10 37 1 -34000 13000 L60-;
5 10 2 0 -44000 13000 L60+;
5 15 -43000 14000 1 0;
5 2 1.53p;
5 11 L 60;
1 Bound -44000 13000 -34000 14500;
( Rotate 90 );
9 ind;
C 0 R 0 1 T -34000 12000;
(SymbolCall ind);
5 10 29 1 -18000 13000 L61-;
5 10 37 0 -28000 13000 L61+;
5 15 -27000 14000 1 0;
5 2 1.01p;
5 11 L 61;
1 Bound -28000 13000 -18000 14500;
( Rotate 90 );
9 ind;
C 0 R 0 1 T -18000 12000;
(SymbolCall ind);
5 10 38 1 -8000 13000 L62-;
5 10 29 0 -18000 13000 L62+;
5 15 -17000 14000 1 0;
5 2 3p;
5 11 L 62;
1 Bound -18000 13000 -8000 14500;
( Rotate 90 );
9 ind;
C 0 R 0 1 T -8000 12000;
(SymbolCall ind);
5 10 39 1 8000 13000 L63-;
5 10 38 0 -2000 13000 L63+;
5 15 -1000 14000 1 0;
5 2 3.6p;
5 11 L 63;
1 Bound -2000 13000 8000 14500;
( Rotate 90 );
9 ind;
C 0 R 0 1 T 8000 12000;
(SymbolCall ind);
5 10 30 1 24000 13000 L64-;
5 10 39 0 14000 13000 L64+;
5 15 15000 14000 1 0;
5 2 8.3p;
5 11 L 64;
1 Bound 14000 13000 24000 14500;
( Rotate 90 );
9 ind;
C 0 R 0 1 T 24000 12000;
(SymbolCall ind);
5 2 0.4p;
5 10 40 1 34000 13000 L65-;
5 10 30 0 24000 13000 L65+;
5 15 25000 14000 1 0;
5 11 L 65;
1 Bound 24000 13000 34000 14500;
( Rotate 90 );
9 ind;
C 0 R 0 1 T 34000 12000;
(SymbolCall ind);
5 10 0 1 -34000 -7000 L66-;
5 10 78 0 -34000 3000 L66+;
5 15 -33000 2000 0 -1;
5 2 0.328p;
5 11 L 66;
1 Bound -34000 -7000 -32500 3000;
9 ind;
C 0 T -35000 -7000;
(SymbolCall ind);
5 10 0 1 -28000 -7000 L67-;
5 10 79 0 -28000 3000 L67+;
5 15 -27000 2000 0 -1;
5 2 1p;
5 11 L 67;
1 Bound -28000 -7000 -26500 3000;
9 ind;
C 0 T -29000 -7000;
(SymbolCall ind);
5 10 0 1 -8000 -7000 L68-;
5 10 80 0 -8000 3000 L68+;
5 15 -7000 2000 0 -1;
5 2 0.234p;
5 11 L 68;
1 Bound -8000 -7000 -6500 3000;
9 ind;
C 0 T -9000 -7000;
(SymbolCall ind);
5 10 0 1 -2000 -7000 L69-;
5 10 81 0 -2000 3000 L69+;
5 15 -1000 2000 0 -1;
5 2 1p;
5 11 L 69;
1 Bound -2000 -7000 -500 3000;
9 ind;
C 0 T -3000 -7000;
(SymbolCall ind);
5 10 0 1 8000 -7000 L70-;
5 10 82 0 8000 3000 L70+;
5 15 9000 2000 0 -1;
5 2 0.567p;
5 11 L 70;
1 Bound 8000 -7000 9500 3000;
9 ind;
C 0 T 7000 -7000;
(SymbolCall ind);
5 10 0 1 14000 -7000 L71-;
5 10 83 0 14000 3000 L71+;
5 15 15000 2000 0 -1;
5 2 1p;
5 11 L 71;
1 Bound 14000 -7000 15500 3000;
9 ind;
C 0 T 13000 -7000;
(SymbolCall ind);
5 10 41 1 40000 -7000 L72-;
5 10 84 0 40000 3000 L72+;
5 15 41000 2000 0 -1;
5 2 1p;
5 11 L 72;
1 Bound 40000 -7000 41500 3000;
9 ind;
C 0 T 39000 -7000;
(SymbolCall ind);
5 10 42 1 40000 -17000 L73-;
5 10 41 0 40000 -7000 L73+;
5 15 41000 -8000 0 -1;
5 2 1.186p;
5 11 L 73;
1 Bound 40000 -17000 41500 -7000;
9 ind;
C 0 T 39000 -17000;
(SymbolCall ind);
5 10 43 1 -80000 -39000 L74-;
5 10 1 0 -90000 -39000 L74+;
5 15 -89000 -38000 1 0;
5 2 2.577p;
5 11 L 74;
1 Bound -90000 -39000 -80000 -37500;
( Rotate 90 );
9 ind;
C 0 R 0 1 T -80000 -40000;
(SymbolCall ind);
5 10 28 1 -64000 -39000 L75-;
5 10 43 0 -74000 -39000 L75+;
5 15 -73000 -38000 1 0;
5 2 1p;
5 11 L 75;
1 Bound -74000 -39000 -64000 -37500;
( Rotate 90 );
9 ind;
C 0 R 0 1 T -64000 -40000;
(SymbolCall ind);
5 10 44 1 -54000 -39000 L76-;
5 10 28 0 -64000 -39000 L76+;
5 15 -63000 -38000 1 0;
5 2 2.583p;
5 11 L 76;
1 Bound -64000 -39000 -54000 -37500;
( Rotate 90 );
9 ind;
C 0 R 0 1 T -54000 -40000;
(SymbolCall ind);
5 10 42 1 -38000 -39000 L77-;
5 10 44 0 -48000 -39000 L77+;
5 15 -47000 -38000 1 0;
5 2 2.95p;
5 11 L 77;
1 Bound -48000 -39000 -38000 -37500;
( Rotate 90 );
9 ind;
C 0 R 0 1 T -38000 -40000;
(SymbolCall ind);
5 2 0.359p;
5 10 45 1 36000 -39000 L78-;
5 10 42 0 26000 -39000 L78+;
5 15 27000 -38000 1 0;
5 11 L 78;
1 Bound 26000 -39000 36000 -37500;
( Rotate 90 );
9 ind;
C 0 R 0 1 T 36000 -40000;
(SymbolCall ind);
5 10 85 1 52000 -39000 L79-;
5 10 45 0 42000 -39000 L79+;
5 15 43000 -38000 1 0;
5 2 2.571p;
5 11 L 79;
1 Bound 42000 -39000 52000 -37500;
( Rotate 90 );
9 ind;
C 0 R 0 1 T 52000 -40000;
(SymbolCall ind);
5 10 0 1 -80000 -59000 L80-;
5 10 86 0 -80000 -49000 L80+;
5 15 -79000 -50000 0 -1;
5 2 0.109p;
5 11 L 80;
1 Bound -80000 -59000 -78500 -49000;
9 ind;
C 0 T -81000 -59000;
(SymbolCall ind);
5 10 0 1 -74000 -59000 L81-;
5 10 87 0 -74000 -49000 L81+;
5 15 -73000 -50000 0 -1;
5 2 1p;
5 11 L 81;
1 Bound -74000 -59000 -72500 -49000;
9 ind;
C 0 T -75000 -59000;
(SymbolCall ind);
5 10 0 1 -54000 -59000 L82-;
5 10 88 0 -54000 -49000 L82+;
5 15 -53000 -50000 0 -1;
5 2 0.133p;
5 11 L 82;
1 Bound -54000 -59000 -52500 -49000;
9 ind;
C 0 T -55000 -59000;
(SymbolCall ind);
5 10 0 1 -48000 -59000 L83-;
5 10 89 0 -48000 -49000 L83+;
5 15 -47000 -50000 0 -1;
5 2 1p;
5 11 L 83;
1 Bound -48000 -59000 -46500 -49000;
9 ind;
C 0 T -49000 -59000;
(SymbolCall ind);
5 10 0 1 36000 -59000 L84-;
5 10 90 0 36000 -49000 L84+;
5 15 37000 -50000 0 -1;
5 2 0.239p;
5 11 L 84;
1 Bound 36000 -59000 37500 -49000;
9 ind;
C 0 T 35000 -59000;
(SymbolCall ind);
5 10 0 1 42000 -59000 L85-;
5 10 91 0 42000 -49000 L85+;
5 15 43000 -50000 0 -1;
5 2 1p;
5 11 L 85;
1 Bound 42000 -59000 43500 -49000;
9 ind;
C 0 T 41000 -59000;
(SymbolCall isrc);
5 10 67 1 -75000 87000 I0_1;
5 10 0 0 -85000 87000 I0_0;
5 15 -79000 87000 1 0 @<name>[c];
5 2 pwl(0 0 5p 2000u);
5 5 nophys;
5 11 I 0;
1 Bound -85000 85000 -75000 89000;
( Rotate 90 );
9 isrc;
C 0 R 0 1 T -75000 85000;
(SymbolCall jj);
5 10 92 2 -78000 126000 B0_2;
5 10 47 1 -79000 134000 B0-;
5 10 5 0 -79000 124000 B0+;
5 3 area=2.5;
5 1 jjmit;
5 11 B 0;
1 Bound -80500 124000 -77500 134000;
( Rotate 180 );
9 jj;
C 0 R -1 0 T -78000 134000;
(SymbolCall jj);
5 10 93 2 -52000 126000 B1_2;
5 10 49 1 -53000 134000 B1-;
5 10 7 0 -53000 124000 B1+;
5 3 area=2.5;
5 1 jjmit;
5 11 B 1;
1 Bound -54500 124000 -51500 134000;
( Rotate 180 );
9 jj;
C 0 R -1 0 T -52000 134000;
(SymbolCall jj);
5 10 94 2 -36000 126000 B2_2;
5 10 51 1 -37000 134000 B2-;
5 10 8 0 -37000 124000 B2+;
5 1 jjmit;
5 3 area=2.5;
5 11 B 2;
1 Bound -38500 124000 -35500 134000;
( Rotate 180 );
9 jj;
C 0 R -1 0 T -36000 134000;
(SymbolCall jj);
5 10 95 2 -10000 126000 B3_2;
5 10 53 1 -11000 134000 B3-;
5 10 10 0 -11000 124000 B3+;
5 1 jjmit;
5 3 area=2.5;
5 11 B 3;
1 Bound -12500 124000 -9500 134000;
( Rotate 180 );
9 jj;
C 0 R -1 0 T -10000 134000;
(SymbolCall jj);
5 10 96 2 6000 126000 B4_2;
5 10 55 1 5000 134000 B4-;
5 10 11 0 5000 124000 B4+;
5 1 jjmit;
5 3 area=2.5;
5 11 B 4;
1 Bound 3500 124000 6500 134000;
( Rotate 180 );
9 jj;
C 0 R -1 0 T 6000 134000;
(SymbolCall jj);
5 10 97 2 32000 126000 B5_2;
5 10 57 1 31000 134000 B5-;
5 10 13 0 31000 124000 B5+;
5 1 jjmit;
5 3 area=2.5;
5 11 B 5;
1 Bound 29500 124000 32500 134000;
( Rotate 180 );
9 jj;
C 0 R -1 0 T 32000 134000;
(SymbolCall jj);
5 10 98 2 48000 126000 B6_2;
5 10 59 1 47000 134000 B6-;
5 10 14 0 47000 124000 B6+;
5 1 jjmit;
5 3 area=2.5;
5 11 B 6;
1 Bound 45500 124000 48500 134000;
( Rotate 180 );
9 jj;
C 0 R -1 0 T 48000 134000;
(SymbolCall jj);
5 10 99 2 74000 126000 B7_2;
5 10 61 1 73000 134000 B7-;
5 10 16 0 73000 124000 B7+;
5 1 jjmit;
5 3 area=2.5;
5 11 B 7;
1 Bound 71500 124000 74500 134000;
( Rotate 180 );
9 jj;
C 0 R -1 0 T 74000 134000;
(SymbolCall jj);
5 10 100 2 -58000 99000 B8_2;
5 10 6 1 -59000 107000 B8-;
5 10 17 0 -59000 97000 B8+;
5 11 B 8;
5 1 jjmit;
5 3 area=3.5;
1 Bound -60500 97000 -57500 107000;
( Rotate 180 );
9 jj;
C 0 R -1 0 T -58000 107000;
(SymbolCall jj);
5 10 101 2 -12000 99000 B9_2;
5 10 9 1 -13000 107000 B9-;
5 10 18 0 -13000 97000 B9+;
5 11 B 9;
5 3 area=3.5;
5 1 jjmit;
1 Bound -14500 97000 -11500 107000;
( Rotate 180 );
9 jj;
C 0 R -1 0 T -12000 107000;
(SymbolCall jj);
5 10 102 2 26000 99000 B10_2;
5 10 12 1 25000 107000 B10-;
5 10 19 0 25000 97000 B10+;
5 11 B 10;
5 3 area=3.5;
5 1 jjmit;
1 Bound 23500 97000 26500 107000;
( Rotate 180 );
9 jj;
C 0 R -1 0 T 26000 107000;
(SymbolCall jj);
5 10 103 2 67000 99000 B11_2;
5 10 15 1 66000 107000 B11-;
5 10 20 0 66000 97000 B11+;
5 1 jjmit;
5 3 area=3.5;
5 11 B 11;
1 Bound 64500 97000 67500 107000;
( Rotate 180 );
9 jj;
C 0 R -1 0 T 67000 107000;
(SymbolCall jj);
5 3 area=2.1;
5 10 104 2 -66000 75000 B12_2;
5 10 28 1 -65000 67000 B12-;
5 10 24 0 -65000 77000 B12+;
5 11 B 12;
5 1 jjmit;
1 Bound -66500 67000 -63500 77000;
9 jj;
C 0 T -66000 67000;
(SymbolCall jj);
5 10 105 2 -20000 75000 B13_2;
5 10 29 1 -19000 67000 B13-;
5 10 25 0 -19000 77000 B13+;
5 3 area=2.3;
5 11 B 13;
5 1 jjmit;
1 Bound -20500 67000 -17500 77000;
9 jj;
C 0 T -20000 67000;
(SymbolCall jj);
5 10 106 2 18000 75000 B14_2;
5 10 30 1 19000 67000 B14-;
5 10 26 0 19000 77000 B14+;
5 3 area=1.25;
5 11 B 14;
5 1 jjmit;
1 Bound 17500 67000 20500 77000;
9 jj;
C 0 T 18000 67000;
(SymbolCall jj);
5 10 107 2 59000 75000 B15_2;
5 10 31 1 60000 67000 B15-;
5 10 27 0 60000 77000 B15+;
5 3 area=1.1;
5 1 jjmit;
5 11 B 15;
1 Bound 58500 67000 61500 77000;
9 jj;
C 0 T 59000 67000;
(SymbolCall jj);
5 10 108 2 49000 42000 B16_2;
5 10 73 1 50000 34000 B16-;
5 10 34 0 50000 44000 B16+;
5 3 area=1.3;
5 11 B 16;
5 1 jjmit;
1 Bound 48500 34000 51500 44000;
9 jj;
C 0 T 49000 34000;
(SymbolCall jj);
5 3 area=1.159375;
5 10 109 2 75000 42000 B17_2;
5 10 75 1 76000 34000 B17-;
5 10 35 0 76000 44000 B17+;
5 11 B 17;
5 1 jjmit;
1 Bound 74500 34000 77500 44000;
9 jj;
C 0 T 75000 34000;
(SymbolCall jj);
5 3 area=1.5;
5 10 110 2 16000 37000 B18_2;
5 10 33 1 24000 38000 B18-;
5 10 32 0 14000 38000 B18+;
5 11 B 18;
5 1 jjmit;
1 Bound 14000 36500 24000 39500;
( Rotate 90 );
9 jj;
C 0 R 0 1 T 24000 37000;
(SymbolCall jj);
5 10 111 2 41000 15000 B19_2;
5 10 36 1 40000 23000 B19-;
5 10 40 0 40000 13000 B19+;
5 3 area=1.1;
5 11 B 19;
5 1 jjmit;
1 Bound 38500 13000 41500 23000;
( Rotate 180 );
9 jj;
C 0 R -1 0 T 41000 23000;
(SymbolCall jj);
5 10 112 2 -35000 11000 B20_2;
5 10 78 1 -34000 3000 B20-;
5 10 37 0 -34000 13000 B20+;
5 3 area=2;
5 1 jjmit;
5 11 B 20;
1 Bound -35500 3000 -32500 13000;
9 jj;
C 0 T -35000 3000;
(SymbolCall jj);
5 10 113 2 -9000 11000 B21_2;
5 10 80 1 -8000 3000 B21-;
5 10 38 0 -8000 13000 B21+;
5 3 area=1.21;
5 1 jjmit;
5 11 B 21;
1 Bound -9500 3000 -6500 13000;
9 jj;
C 0 T -9000 3000;
(SymbolCall jj);
5 10 114 2 7000 11000 B22_2;
5 10 82 1 8000 3000 B22-;
5 10 39 0 8000 13000 B22+;
5 3 area=1.05;
5 11 B 22;
5 1 jjmit;
1 Bound 6500 3000 9500 13000;
9 jj;
C 0 T 7000 3000;
(SymbolCall jj);
5 10 115 2 33000 11000 B23_2;
5 10 41 1 34000 3000 B23-;
5 10 40 0 34000 13000 B23+;
5 3 area=1.35;
5 11 B 23;
5 1 jjmit;
1 Bound 32500 3000 35500 13000;
9 jj;
C 0 T 33000 3000;
(SymbolCall jj);
5 10 116 2 -81000 -41000 B24_2;
5 10 86 1 -80000 -49000 B24-;
5 10 43 0 -80000 -39000 B24+;
5 3 area=2.16;
5 11 B 24;
5 1 jjmit;
1 Bound -81500 -49000 -78500 -39000;
9 jj;
C 0 T -81000 -49000;
(SymbolCall jj);
5 3 area=1.634883;
5 10 117 2 -55000 -41000 B25_2;
5 10 88 1 -54000 -49000 B25-;
5 10 44 0 -54000 -39000 B25+;
5 1 jjmit;
5 11 B 25;
1 Bound -55500 -49000 -52500 -39000;
9 jj;
C 0 T -55000 -49000;
(SymbolCall jj);
5 3 area=1.534914;
5 10 118 2 35000 -41000 B26_2;
5 10 90 1 36000 -49000 B26-;
5 10 45 0 36000 -39000 B26+;
5 1 jjmit;
5 11 B 26;
1 Bound 34500 -49000 37500 -39000;
9 jj;
C 0 T 35000 -49000;
(SymbolCall res);
5 10 46 1 -85000 134000 R0-;
5 10 5 0 -85000 124000 R0+;
5 15 -84000 125000 0 1 "<v>/<value>O";
5 2 3.88;
5 11 R 0;
1 Bound -86000 124000 -83750 134000;
( Rotate 180 );
9 res;
C 0 R -1 0 T -85000 124000;
(SymbolCall res);
5 10 48 1 -59000 134000 R1-;
5 10 7 0 -59000 124000 R1+;
5 15 -58000 125000 0 1 "<v>/<value>O";
5 2 3.88;
5 11 R 1;
1 Bound -60000 124000 -57750 134000;
( Rotate 180 );
9 res;
C 0 R -1 0 T -59000 124000;
(SymbolCall res);
5 10 50 1 -43000 134000 R2-;
5 10 8 0 -43000 124000 R2+;
5 15 -42000 125000 0 1 "<v>/<value>O";
5 2 3.88;
5 11 R 2;
1 Bound -44000 124000 -41750 134000;
( Rotate 180 );
9 res;
C 0 R -1 0 T -43000 124000;
(SymbolCall res);
5 10 52 1 -17000 134000 R3-;
5 10 10 0 -17000 124000 R3+;
5 15 -16000 125000 0 1 "<v>/<value>O";
5 2 3.88;
5 11 R 3;
1 Bound -18000 124000 -15750 134000;
( Rotate 180 );
9 res;
C 0 R -1 0 T -17000 124000;
(SymbolCall res);
5 10 54 1 -1000 134000 R4-;
5 10 11 0 -1000 124000 R4+;
5 15 0 125000 0 1 "<v>/<value>O";
5 2 3.88;
5 11 R 4;
1 Bound -2000 124000 250 134000;
( Rotate 180 );
9 res;
C 0 R -1 0 T -1000 124000;
(SymbolCall res);
5 10 56 1 25000 134000 R5-;
5 10 13 0 25000 124000 R5+;
5 15 26000 125000 0 1 "<v>/<value>O";
5 2 3.88;
5 11 R 5;
1 Bound 24000 124000 26250 134000;
( Rotate 180 );
9 res;
C 0 R -1 0 T 25000 124000;
(SymbolCall res);
5 10 58 1 41000 134000 R6-;
5 10 14 0 41000 124000 R6+;
5 15 42000 125000 0 1 "<v>/<value>O";
5 2 3.88;
5 11 R 6;
1 Bound 40000 124000 42250 134000;
( Rotate 180 );
9 res;
C 0 R -1 0 T 41000 124000;
(SymbolCall res);
5 10 60 1 67000 134000 R7-;
5 10 16 0 67000 124000 R7+;
5 15 68000 125000 0 1 "<v>/<value>O";
5 2 3.88;
5 11 R 7;
1 Bound 66000 124000 68250 134000;
( Rotate 180 );
9 res;
C 0 R -1 0 T 67000 124000;
(SymbolCall res);
5 10 62 1 -65000 107000 R8-;
5 10 17 0 -65000 97000 R8+;
5 15 -64000 98000 0 1 "<v>/<value>O";
5 11 R 8;
5 2 2.77;
1 Bound -66000 97000 -63750 107000;
( Rotate 180 );
9 res;
C 0 R -1 0 T -65000 97000;
(SymbolCall res);
5 10 63 1 -19000 107000 R9-;
5 10 18 0 -19000 97000 R9+;
5 15 -18000 98000 0 1 "<v>/<value>O";
5 11 R 9;
5 2 2.77;
1 Bound -20000 97000 -17750 107000;
( Rotate 180 );
9 res;
C 0 R -1 0 T -19000 97000;
(SymbolCall res);
5 10 64 1 19000 107000 R10-;
5 10 19 0 19000 97000 R10+;
5 15 20000 98000 0 1 "<v>/<value>O";
5 11 R 10;
5 2 2.77;
1 Bound 18000 97000 20250 107000;
( Rotate 180 );
9 res;
C 0 R -1 0 T 19000 97000;
(SymbolCall res);
5 10 65 1 60000 107000 R11-;
5 10 20 0 60000 97000 R11+;
5 15 61000 98000 0 1 "<v>/<value>O";
5 2 2.77;
5 11 R 11;
1 Bound 59000 97000 61250 107000;
( Rotate 180 );
9 res;
C 0 R -1 0 T 60000 97000;
(SymbolCall res);
5 2 3.27;
5 10 68 1 -59000 67000 R12-;
5 10 24 0 -59000 77000 R12+;
5 15 -60000 76000 0 -1 "<v>/<value>O";
5 11 R 12;
1 Bound -60250 67000 -58000 77000;
9 res;
C 0 T -59000 77000;
(SymbolCall res);
5 10 69 1 -13000 67000 R13-;
5 10 25 0 -13000 77000 R13+;
5 15 -14000 76000 0 -1 "<v>/<value>O";
5 2 4.22;
5 11 R 13;
1 Bound -14250 67000 -12000 77000;
9 res;
C 0 T -13000 77000;
(SymbolCall res);
5 10 70 1 25000 67000 R14-;
5 10 26 0 25000 77000 R14+;
5 15 24000 76000 0 -1 "<v>/<value>O";
5 2 7.76;
5 11 R 14;
1 Bound 23750 67000 26000 77000;
9 res;
C 0 T 25000 77000;
(SymbolCall res);
5 10 71 1 66000 67000 R15-;
5 10 27 0 66000 77000 R15+;
5 15 65000 76000 0 -1 "<v>/<value>O";
5 2 8.82;
5 11 R 15;
1 Bound 64750 67000 67000 77000;
9 res;
C 0 T 66000 77000;
(SymbolCall res);
5 2 4.57;
5 10 72 1 24000 44000 R16-;
5 10 32 0 14000 44000 R16+;
5 15 15000 43000 1 0 "<v>/<value>O";
5 11 R 16;
1 Bound 14000 42750 24000 45000;
( Rotate 90 );
9 res;
C 0 R 0 1 T 14000 44000;
(SymbolCall res);
5 10 74 1 56000 34000 R17-;
5 10 34 0 56000 44000 R17+;
5 15 55000 43000 0 -1 "<v>/<value>O";
5 2 7.46;
5 11 R 17;
1 Bound 54750 34000 57000 44000;
9 res;
C 0 T 56000 44000;
(SymbolCall res);
5 2 5.92;
5 10 76 1 82000 34000 R18-;
5 10 35 0 82000 44000 R18+;
5 15 81000 43000 0 -1 "<v>/<value>O";
5 11 R 18;
1 Bound 80750 34000 83000 44000;
9 res;
C 0 T 82000 44000;
(SymbolCall res);
5 10 77 1 34000 23000 R19-;
5 10 40 0 34000 13000 R19+;
5 15 35000 14000 0 1 "<v>/<value>O";
5 2 8.8;
5 11 R 19;
1 Bound 33000 13000 35250 23000;
( Rotate 180 );
9 res;
C 0 R -1 0 T 34000 13000;
(SymbolCall res);
5 10 79 1 -28000 3000 R20-;
5 10 37 0 -28000 13000 R20+;
5 15 -29000 12000 0 -1 "<v>/<value>O";
5 2 4.85;
5 11 R 20;
1 Bound -29250 3000 -27000 13000;
9 res;
C 0 T -28000 13000;
(SymbolCall res);
5 10 81 1 -2000 3000 R21-;
5 10 38 0 -2000 13000 R21+;
5 15 -3000 12000 0 -1 "<v>/<value>O";
5 2 8;
5 11 R 21;
1 Bound -3250 3000 -1000 13000;
9 res;
C 0 T -2000 13000;
(SymbolCall res);
5 10 83 1 14000 3000 R22-;
5 10 39 0 14000 13000 R22+;
5 15 13000 12000 0 -1 "<v>/<value>O";
5 2 9.2;
5 11 R 22;
1 Bound 12750 3000 15000 13000;
9 res;
C 0 T 14000 13000;
(SymbolCall res);
5 10 84 1 40000 3000 R23-;
5 10 40 0 40000 13000 R23+;
5 15 39000 12000 0 -1 "<v>/<value>O";
5 2 7.2;
5 11 R 23;
1 Bound 38750 3000 41000 13000;
9 res;
C 0 T 40000 13000;
(SymbolCall res);
5 10 0 1 62000 -39000 R24-;
5 10 85 0 52000 -39000 R24+;
5 15 53000 -40000 1 0 "<v>/<value>O";
5 2 3.54;
5 11 R 24;
1 Bound 52000 -40250 62000 -38000;
( Rotate 90 );
9 res;
C 0 R 0 1 T 52000 -39000;
(SymbolCall res);
5 10 87 1 -74000 -49000 R25-;
5 10 43 0 -74000 -39000 R25+;
5 15 -75000 -40000 0 -1 "<v>/<value>O";
5 2 4.5;
5 11 R 25;
1 Bound -75250 -49000 -73000 -39000;
9 res;
C 0 T -74000 -39000;
(SymbolCall res);
5 2 4.2;
5 10 89 1 -48000 -49000 R26-;
5 10 44 0 -48000 -39000 R26+;
5 15 -49000 -40000 0 -1 "<v>/<value>O";
5 11 R 26;
1 Bound -49250 -49000 -47000 -39000;
9 res;
C 0 T -48000 -39000;
(SymbolCall res);
5 2 4.47;
5 10 91 1 42000 -49000 R27-;
5 10 45 0 42000 -39000 R27+;
5 15 41000 -40000 0 -1 "<v>/<value>O";
5 11 R 27;
1 Bound 40750 -49000 43000 -39000;
9 res;
C 0 T 42000 -39000;
L SCED;
5 10 5;
W2 0 -79000 124000 -85000 124000;
5 10 6;
W2 0 -69000 124000 -69000 117000 -65000 117000 -59000 117000 -59000 107000;
5 10 7;
W2 0 -53000 124000 -59000 124000;
5 10 8;
W2 0 -37000 124000 -43000 124000;
5 10 9;
W2 0 -27000 124000 -27000 117000 -19000 117000 -13000 117000 -13000 107000;
5 10 10;
W2 0 -11000 124000 -17000 124000;
5 10 11;
W2 0 5000 124000 -1000 124000;
5 10 12;
W2 0 15000 124000 15000 117000 19000 117000 25000 117000 25000 107000;
5 10 13;
W2 0 31000 124000 25000 124000;
5 10 14;
W2 0 47000 124000 41000 124000;
5 10 15;
W2 0 57000 124000 57000 117000 60000 117000 66000 117000 66000 107000;
5 10 16;
W2 0 73000 124000 67000 124000;
5 10 17;
W2 0 -59000 97000 -65000 97000;
5 10 18;
W2 0 -19000 97000 -13000 97000;
5 10 19;
W2 0 25000 97000 19000 97000;
5 10 20;
W2 0 66000 97000 60000 97000;
5 10 21;
W2 0 -65000 87000 -29000 87000;
5 10 22;
W2 0 -19000 87000 9000 87000;
5 10 23;
W2 0 19000 87000 50000 87000;
5 10 24;
W2 0 -59000 77000 -65000 77000;
5 10 25;
W2 0 -13000 77000 -19000 77000;
5 10 26;
W2 0 19000 77000 25000 77000;
5 10 27;
W2 0 60000 77000 66000 77000;
5 10 28;
W2 0 -59000 57000 -64000 57000 -65000 57000 -65000 67000;
5 10 29;
W2 0 -19000 67000 -19000 57000 -18000 57000;
5 10 30;
W2 0 25000 57000 22000 57000 19000 57000 19000 67000;
5 10 31;
W2 0 66000 44000 66000 57000 60000 57000 60000 67000;
5 10 28;
W2 0 -64000 -39000 -64000 57000;
5 10 29;
W2 0 -18000 13000 -18000 57000 -13000 57000;
5 10 30;
W2 0 22000 57000 22000 23000 24000 23000 24000 13000;
5 10 32;
W2 0 14000 38000 14000 44000 8000 44000 8000 23000;
5 10 33;
W2 0 24000 38000 34000 38000 34000 44000 40000 44000 40000 43000;
5 10 34;
W2 0 50000 44000 56000 44000;
5 10 35;
W2 0 76000 44000 82000 44000;
5 10 36;
W2 0 34000 33000 40000 33000 40000 23000;
5 10 2;
W2 0 -44000 13000 -95000 13000;
5 10 37;
W2 0 -34000 13000 -28000 13000;
5 10 38;
W2 0 -8000 13000 -2000 13000;
5 10 39;
W2 0 8000 13000 14000 13000;
5 10 40;
W2 0 34000 13000 40000 13000;
5 10 41;
W2 0 40000 -7000 34000 -7000 34000 3000;
5 10 42;
W2 0 40000 -17000 22000 -17000 22000 -39000;
5 10 1;
W2 0 -90000 -39000 -95000 -39000;
5 10 43;
W2 0 -80000 -39000 -74000 -39000;
5 10 44;
W2 0 -48000 -39000 -54000 -39000;
5 10 42;
W2 0 -38000 -39000 22000 -39000 26000 -39000;
5 10 45;
W2 0 36000 -39000 42000 -39000;
L NAME;
5 16 L 0 11;
94 <<L0>> -86750 142750 320 1275 1000;
5 16 L 1 11;
94 <<L1>> -80750 142750 320 1050 1000;
5 16 L 2 11;
94 <<L2>> -60750 142750 320 1275 1000;
5 16 L 3 11;
94 <<L3>> -54750 142750 320 1275 1000;
5 16 L 4 11;
94 <<L4>> -44750 142750 320 1275 1000;
5 16 L 5 11;
94 <<L5>> -38750 142750 320 1275 1000;
5 16 L 6 11;
94 <<L6>> -18750 142750 320 1275 1000;
5 16 L 7 11;
94 <<L7>> -12750 142750 320 1275 1000;
5 16 L 8 11;
94 <<L8>> -2750 142750 320 1275 1000;
5 16 L 9 11;
94 <<L9>> 3250 142750 320 1275 1000;
5 16 L 10 11;
94 <<L10>> 23250 142750 320 1650 1000;
5 16 L 11 11;
94 <<L11>> 29250 142750 320 1425 1000;
5 16 L 12 11;
94 <<L12>> 39250 142750 320 1650 1000;
5 16 L 13 11;
94 <<L13>> 45250 142750 320 1650 1000;
5 16 L 14 11;
94 <<L14>> 65250 142750 320 1650 1000;
5 16 L 15 11;
94 <<L15>> 71250 142750 320 1650 1000;
5 16 R 0 11;
94 <<R0>> -86250 132750 320 1275 1000;
5 16 B 0 11;
94 <<B0>> -80750 132750 320 1275 1000;
5 16 R 1 11;
94 <<R1>> -60250 132750 320 1050 1000;
5 16 B 1 11;
94 <<B1>> -54750 132750 320 1050 1000;
5 16 R 2 11;
94 <<R2>> -44250 132750 320 1275 1000;
5 16 B 2 11;
94 <<B2>> -38750 132750 320 1275 1000;
5 16 R 3 11;
94 <<R3>> -18250 132750 320 1275 1000;
5 16 B 3 11;
94 <<B3>> -12750 132750 320 1275 1000;
5 16 R 4 11;
94 <<R4>> -2250 132750 320 1275 1000;
5 16 B 4 11;
94 <<B4>> 3250 132750 320 1275 1000;
5 16 R 5 11;
94 <<R5>> 23750 132750 320 1275 1000;
5 16 B 5 11;
94 <<B5>> 29250 132750 320 1275 1000;
5 16 R 6 11;
94 <<R6>> 39750 132750 320 1275 1000;
5 16 B 6 11;
94 <<B6>> 45250 132750 320 1275 1000;
5 16 R 7 11;
94 <<R7>> 65750 132750 320 1275 1000;
5 16 B 7 11;
94 <<B7>> 71250 132750 320 1275 1000;
5 16 L 16 11;
94 <<L16>> -94750 124250 0 1650 1000;
5 16 L 17 11;
94 <<L17>> -78750 124250 0 1650 1000;
5 16 L 18 11;
94 <<L18>> -68750 124250 0 1650 1000;
5 16 L 19 11;
94 <<L19>> -52750 124250 0 1650 1000;
5 16 L 20 11;
94 <<L20>> -36750 124250 0 1875 1000;
5 16 L 21 11;
94 <<L21>> -26750 124250 0 1650 1000;
5 16 L 22 11;
94 <<L22>> -10750 124250 0 1875 1000;
5 16 L 23 11;
94 <<L23>> 5250 124250 0 1875 1000;
5 16 L 24 11;
94 <<L24>> 15250 124250 0 1875 1000;
5 16 L 25 11;
94 <<L25>> 31250 124250 0 1875 1000;
5 16 L 26 11;
94 <<L26>> 47250 124250 0 1875 1000;
5 16 L 27 11;
94 <<L27>> 57250 124250 0 1875 1000;
5 16 L 28 11;
94 <<L28>> -66750 115750 320 1875 1000;
5 16 L 29 11;
94 <<L29>> -20750 115750 320 1875 1000;
5 16 L 30 11;
94 <<L30>> 17250 115750 320 1875 1000;
5 16 L 31 11;
94 <<L31>> 58250 115750 320 1650 1000;
5 16 R 8 11;
94 <<R8>> -66250 105750 320 1275 1000;
5 16 B 8 11;
94 <<B8>> -60750 105750 320 1275 1000;
5 16 R 9 11;
94 <<R9>> -20250 105750 320 1275 1000;
5 16 B 9 11;
94 <<B9>> -14750 105750 320 1275 1000;
5 16 R 10 11;
94 <<R10>> 17750 105750 320 1650 1000;
5 16 B 10 11;
94 <<B10>> 23250 105750 320 1650 1000;
5 16 R 11 11;
94 <<R11>> 58750 105750 320 1425 1000;
5 16 B 11 11;
94 <<B11>> 64250 105750 320 1425 1000;
5 16 L 32 11;
94 <<L32>> -66750 95750 320 1875 1000;
5 16 L 33 11;
94 <<L33>> -20750 95750 320 1875 1000;
5 16 L 34 11;
94 <<L34>> 17250 95750 320 1875 1000;
5 16 L 35 11;
94 <<L35>> 58250 95750 320 1875 1000;
5 16 I 0 11;
94 <<I0>> -84750 89250 0 975 1000;
5 16 L 36 11;
94 <<L36>> -74750 88750 0 1875 1000;
5 16 L 37 11;
94 <<L37>> -28750 88750 0 1875 1000;
5 16 L 38 11;
94 <<L38>> 9250 88750 0 1875 1000;
5 16 L 39 11;
94 <<L39>> 50250 88750 0 1875 1000;
5 16 L 40 11;
94 <<L40>> -65250 85750 320 1875 1000;
5 16 L 41 11;
94 <<L41>> -19250 85750 320 1650 1000;
5 16 L 42 11;
94 <<L42>> 18750 85750 320 1875 1000;
5 16 L 43 11;
94 <<L43>> 59750 85750 320 1875 1000;
5 16 B 12 11;
94 <<B12>> -66750 75750 320 1650 1000;
5 16 R 12 11;
94 <<R12>> -60500 75750 320 1650 1000;
5 16 B 13 11;
94 <<B13>> -20750 75750 320 1650 1000;
5 16 R 13 11;
94 <<R13>> -14500 75750 320 1650 1000;
5 16 B 14 11;
94 <<B14>> 17250 75750 320 1650 1000;
5 16 R 14 11;
94 <<R14>> 23500 75750 320 1650 1000;
5 16 B 15 11;
94 <<B15>> 58250 75750 320 1650 1000;
5 16 R 15 11;
94 <<R15>> 64500 75750 320 1650 1000;
5 16 L 44 11;
94 <<L44>> -59250 65750 320 1875 1000;
5 16 L 45 11;
94 <<L45>> -13250 65750 320 1875 1000;
5 16 L 46 11;
94 <<L46>> 24750 65750 320 1875 1000;
5 16 L 47 11;
94 <<L47>> 65750 65750 320 1875 1000;
5 16 L 48 11;
94 <<L48>> 24250 45750 0 1875 1000;
5 16 L 49 11;
94 <<L49>> 40250 45750 0 1875 1000;
5 16 L 50 11;
94 <<L50>> 56250 45750 0 1875 1000;
5 16 L 51 11;
94 <<L51>> 66250 45750 0 1650 1000;
5 16 L 52 11;
94 <<L52>> 82250 45750 0 1875 1000;
5 16 R 16 11;
94 <<R16>> 14250 45250 0 1650 1000;
5 16 B 16 11;
94 <<B16>> 48250 42750 320 1650 1000;
5 16 R 17 11;
94 <<R17>> 54500 42750 320 1650 1000;
5 16 B 17 11;
94 <<B17>> 74250 42750 320 1650 1000;
5 16 R 18 11;
94 <<R18>> 80500 42750 320 1650 1000;
5 16 L 53 11;
94 <<L53>> 39750 41750 320 1875 1000;
5 16 B 18 11;
94 <<B18>> 14250 39750 0 1650 1000;
5 16 L 54 11;
94 <<L54>> 49750 32750 320 1875 1000;
5 16 L 55 11;
94 <<L55>> 55750 32750 320 1875 1000;
5 16 L 56 11;
94 <<L56>> 75750 32750 320 1875 1000;
5 16 L 57 11;
94 <<L57>> 81750 32750 320 1875 1000;
5 16 L 58 11;
94 <<L58>> 32250 31750 320 1875 1000;
5 16 L 59 11;
94 <<L59>> 6250 21750 320 1875 1000;
5 16 R 19 11;
94 <<R19>> 32750 21750 320 1650 1000;
5 16 B 19 11;
94 <<B19>> 38250 21750 320 1650 1000;
5 16 L 60 11;
94 <<L60>> -43750 14750 0 1875 1000;
5 16 L 61 11;
94 <<L61>> -27750 14750 0 1650 1000;
5 16 L 62 11;
94 <<L62>> -17750 14750 0 1875 1000;
5 16 L 63 11;
94 <<L63>> -1750 14750 0 1875 1000;
5 16 L 64 11;
94 <<L64>> 14250 14750 0 1875 1000;
5 16 L 65 11;
94 <<L65>> 24250 14750 0 1875 1000;
5 16 B 20 11;
94 <<B20>> -35750 11750 320 1875 1000;
5 16 R 20 11;
94 <<R20>> -29500 11750 320 1875 1000;
5 16 B 21 11;
94 <<B21>> -9750 11750 320 1650 1000;
5 16 R 21 11;
94 <<R21>> -3500 11750 320 1650 1000;
5 16 B 22 11;
94 <<B22>> 6250 11750 320 1875 1000;
5 16 R 22 11;
94 <<R22>> 12500 11750 320 1875 1000;
5 16 B 23 11;
94 <<B23>> 32250 11750 320 1875 1000;
5 16 R 23 11;
94 <<R23>> 38500 11750 320 1875 1000;
5 16 L 66 11;
94 <<L66>> -34250 1750 320 1875 1000;
5 16 L 67 11;
94 <<L67>> -28250 1750 320 1875 1000;
5 16 L 68 11;
94 <<L68>> -8250 1750 320 1875 1000;
5 16 L 69 11;
94 <<L69>> -2250 1750 320 1875 1000;
5 16 L 70 11;
94 <<L70>> 7750 1750 320 1875 1000;
5 16 L 71 11;
94 <<L71>> 13750 1750 320 1650 1000;
5 16 L 72 11;
94 <<L72>> 39750 1750 320 1875 1000;
5 16 L 73 11;
94 <<L73>> 39750 -8250 320 1875 1000;
5 16 L 74 11;
94 <<L74>> -89750 -37250 0 1875 1000;
5 16 L 75 11;
94 <<L75>> -73750 -37250 0 1875 1000;
5 16 L 76 11;
94 <<L76>> -63750 -37250 0 1875 1000;
5 16 L 77 11;
94 <<L77>> -47750 -37250 0 1875 1000;
5 16 L 78 11;
94 <<L78>> 26250 -37250 0 1875 1000;
5 16 L 79 11;
94 <<L79>> 42250 -37250 0 1875 1000;
5 16 R 24 11;
94 <<R24>> 52250 -37750 0 1875 1000;
5 16 B 24 11;
94 <<B24>> -81750 -40250 320 1875 1000;
5 16 R 25 11;
94 <<R25>> -75500 -40250 320 1875 1000;
5 16 B 25 11;
94 <<B25>> -55750 -40250 320 1875 1000;
5 16 R 26 11;
94 <<R26>> -49500 -40250 320 1875 1000;
5 16 B 26 11;
94 <<B26>> 34250 -40250 320 1875 1000;
5 16 R 27 11;
94 <<R27>> 40500 -40250 320 1875 1000;
5 16 L 80 11;
94 <<L80>> -80250 -50250 320 1875 1000;
5 16 L 81 11;
94 <<L81>> -74250 -50250 320 1650 1000;
5 16 L 82 11;
94 <<L82>> -54250 -50250 320 1875 1000;
5 16 L 83 11;
94 <<L83>> -48250 -50250 320 1875 1000;
5 16 L 84 11;
94 <<L84>> 35750 -50250 320 1875 1000;
5 16 L 85 11;
94 <<L85>> 41750 -50250 320 1875 1000;
L MODL;
5 16 B 0 1;
94 <<jjmit>> -77250 133750 256 2550 1000;
5 16 B 1 1;
94 <<jjmit>> -51250 133750 256 2550 1000;
5 16 B 2 1;
94 <<jjmit>> -35250 133750 256 2550 1000;
5 16 B 3 1;
94 <<jjmit>> -9250 133750 256 2550 1000;
5 16 B 4 1;
94 <<jjmit>> 6750 133750 256 2550 1000;
5 16 B 5 1;
94 <<jjmit>> 32750 133750 256 2550 1000;
5 16 B 6 1;
94 <<jjmit>> 48750 133750 256 2550 1000;
5 16 B 7 1;
94 <<jjmit>> 74750 133750 256 2550 1000;
5 16 B 8 1;
94 <<jjmit>> -57250 106750 256 2550 1000;
5 16 B 9 1;
94 <<jjmit>> -11250 106750 256 2550 1000;
5 16 B 10 1;
94 <<jjmit>> 26750 106750 256 2550 1000;
5 16 B 11 1;
94 <<jjmit>> 67750 106750 256 2550 1000;
5 16 B 12 1;
94 <<jjmit>> -63250 76750 256 2550 1000;
5 16 B 13 1;
94 <<jjmit>> -17250 76750 256 2550 1000;
5 16 B 14 1;
94 <<jjmit>> 20750 76750 256 2550 1000;
5 16 B 15 1;
94 <<jjmit>> 61750 76750 256 2550 1000;
5 16 B 16 1;
94 <<jjmit>> 51750 43750 256 2550 1000;
5 16 B 17 1;
94 <<jjmit>> 77750 43750 256 2550 1000;
5 16 B 18 1;
94 <<jjmit>> 23750 36250 320 2550 1000;
5 16 B 19 1;
94 <<jjmit>> 41750 22750 256 2550 1000;
5 16 B 20 1;
94 <<jjmit>> -32250 12750 256 2550 1000;
5 16 B 21 1;
94 <<jjmit>> -6250 12750 256 2550 1000;
5 16 B 22 1;
94 <<jjmit>> 9750 12750 256 2550 1000;
5 16 B 23 1;
94 <<jjmit>> 35750 12750 256 2550 1000;
5 16 B 24 1;
94 <<jjmit>> -78250 -39250 256 2550 1000;
5 16 B 25 1;
94 <<jjmit>> -52250 -39250 256 2550 1000;
5 16 B 26 1;
94 <<jjmit>> 37750 -39250 256 2550 1000;
L VALU;
5 16 L 0 2;
94 <<1p>> -84750 143750 33024 1050 1000;
5 16 L 1 2;
94 <<0.2p>> -78750 143750 33024 2100 1000;
5 16 L 2 2;
94 <<1p>> -58750 143750 33024 1050 1000;
5 16 L 3 2;
94 <<0.2p>> -52750 143750 33024 2100 1000;
5 16 L 4 2;
94 <<1p>> -42750 143750 33024 1050 1000;
5 16 L 5 2;
94 <<0.2p>> -36750 143750 33024 2100 1000;
5 16 L 6 2;
94 <<1p>> -16750 143750 33024 1050 1000;
5 16 L 7 2;
94 <<0.2p>> -10750 143750 33024 2100 1000;
5 16 L 8 2;
94 <<1p>> -750 143750 33024 1050 1000;
5 16 L 9 2;
94 <<0.2p>> 5250 143750 33024 2100 1000;
5 16 L 10 2;
94 <<1p>> 25250 143750 33024 1050 1000;
5 16 L 11 2;
94 <<0.2p>> 31250 143750 33024 2100 1000;
5 16 L 12 2;
94 <<1p>> 41250 143750 33024 1050 1000;
5 16 L 13 2;
94 <<0.2p>> 47250 143750 33024 2100 1000;
5 16 L 14 2;
94 <<1p>> 67250 143750 33024 1050 1000;
5 16 L 15 2;
94 <<0.2p>> 73250 143750 33024 2100 1000;
5 16 R 0 2;
94 <<3.88>> -83500 133750 33024 2100 1000;
5 16 R 1 2;
94 <<3.88>> -57500 133750 33024 2100 1000;
5 16 R 2 2;
94 <<3.88>> -41500 133750 33024 2100 1000;
5 16 R 3 2;
94 <<3.88>> -15500 133750 33024 2100 1000;
5 16 R 4 2;
94 <<3.88>> 500 133750 33024 2100 1000;
5 16 R 5 2;
94 <<3.88>> 26500 133750 33024 2100 1000;
5 16 R 6 2;
94 <<3.88>> 42500 133750 33024 2100 1000;
5 16 R 7 2;
94 <<3.88>> 68500 133750 33024 2100 1000;
5 16 L 16 2;
94 <<2p>> -85250 122250 33088 1275 1000;
5 16 L 17 2;
94 <<2p>> -69250 122250 33088 1275 1000;
5 16 L 18 2;
94 <<2p>> -59250 122250 33088 1275 1000;
5 16 L 19 2;
94 <<2p>> -43250 122250 33088 1275 1000;
5 16 L 20 2;
94 <<2p>> -27250 122250 33088 1275 1000;
5 16 L 21 2;
94 <<2p>> -17250 122250 33088 1275 1000;
5 16 L 22 2;
94 <<2p>> -1250 122250 33088 1275 1000;
5 16 L 23 2;
94 <<2p>> 14750 122250 33088 1275 1000;
5 16 L 24 2;
94 <<2p>> 24750 122250 33088 1275 1000;
5 16 L 25 2;
94 <<2p>> 40750 122250 33088 1275 1000;
5 16 L 26 2;
94 <<2p>> 56750 122250 33088 1275 1000;
5 16 L 27 2;
94 <<2p>> 66750 122250 33088 1275 1000;
5 16 L 28 2;
94 <<1p>> -64750 116750 33024 1050 1000;
5 16 L 29 2;
94 <<1p>> -18750 116750 33024 1050 1000;
5 16 L 30 2;
94 <<1p>> 19250 116750 33024 1050 1000;
5 16 L 31 2;
94 <<1p>> 60250 116750 33024 1050 1000;
5 16 R 8 2;
94 <<2.77>> -63500 106750 33024 2100 1000;
5 16 R 9 2;
94 <<2.77>> -17500 106750 33024 2100 1000;
5 16 R 10 2;
94 <<2.77>> 20500 106750 33024 2100 1000;
5 16 R 11 2;
94 <<2.77>> 61500 106750 33024 2100 1000;
5 16 L 32 2;
94 <<400p>> -64750 96750 33024 2475 1000;
5 16 L 33 2;
94 <<400p>> -18750 96750 33024 2475 1000;
5 16 L 34 2;
94 <<400p>> 19250 96750 33024 2475 1000;
5 16 L 35 2;
94 <<400p>> 60250 96750 33024 2475 1000;
5 16 L 36 2;
94 <<10p>> -65250 86750 33088 1650 1000;
5 16 L 40 2;
94 <<400p>> -63250 86750 33024 2475 1000;
5 16 L 37 2;
94 <<10p>> -19250 86750 33088 1650 1000;
5 16 L 41 2;
94 <<400p>> -17250 86750 33024 2475 1000;
5 16 L 38 2;
94 <<10p>> 18750 86750 33088 1650 1000;
5 16 L 42 2;
94 <<400p>> 20750 86750 33024 2475 1000;
5 16 L 39 2;
94 <<10p>> 59750 86750 33088 1650 1000;
5 16 L 43 2;
94 <<400p>> 61750 86750 33024 2475 1000;
5 16 I 0 2;
94 <<pwl(0 0 5p 2000u)>> -75250 84750 33088 9375 1000;
5 16 R 12 2;
94 <<3.27>> -57750 76750 33024 2100 1000;
5 16 R 13 2;
94 <<4.22>> -11750 76750 33024 2100 1000;
5 16 R 14 2;
94 <<7.76>> 26250 76750 33024 2100 1000;
5 16 R 15 2;
94 <<8.82>> 67250 76750 33024 2100 1000;
5 16 L 44 2;
94 <<1p>> -57250 66750 33024 1050 1000;
5 16 L 45 2;
94 <<1p>> -11250 66750 33024 1050 1000;
5 16 L 46 2;
94 <<1p>> 26750 66750 33024 1050 1000;
5 16 L 47 2;
94 <<1p>> 67750 66750 33024 1050 1000;
5 16 L 48 2;
94 <<1p>> 33750 43750 33088 1050 1000;
5 16 L 49 2;
94 <<0.239p>> 49750 43750 33088 3300 1000;
5 16 R 17 2;
94 <<7.46>> 57250 43750 33024 2100 1000;
5 16 L 50 2;
94 <<5.53p>> 65750 43750 33088 2700 1000;
5 16 L 51 2;
94 <<1p>> 75750 43750 33088 1050 1000;
5 16 R 18 2;
94 <<5.92>> 83250 43750 33024 2100 1000;
5 16 L 52 2;
94 <<1.846p>> 91750 43750 33088 3075 1000;
5 16 L 53 2;
94 <<0.734p>> 41750 42750 33024 3300 1000;
5 16 R 16 2;
94 <<4.57>> 23750 42500 33088 2100 1000;
5 16 L 54 2;
94 <<0.27p>> 51750 33750 33024 2700 1000;
5 16 L 55 2;
94 <<1p>> 57750 33750 33024 1050 1000;
5 16 L 56 2;
94 <<0.12p>> 77750 33750 33024 2475 1000;
5 16 L 57 2;
94 <<1p>> 83750 33750 33024 1050 1000;
5 16 L 58 2;
94 <<1p>> 34250 32750 33024 1050 1000;
5 16 L 59 2;
94 <<3p>> 8250 22750 33024 1275 1000;
5 16 R 19 2;
94 <<8.8>> 35500 22750 33024 1500 1000;
5 16 L 60 2;
94 <<1.53p>> -34250 12750 33088 2475 1000;
5 16 R 20 2;
94 <<4.85>> -26750 12750 33024 2100 1000;
5 16 L 61 2;
94 <<1.01p>> -18250 12750 33088 2250 1000;
5 16 L 62 2;
94 <<3p>> -8250 12750 33088 1275 1000;
5 16 R 21 2;
94 <<8>> -750 12750 33024 675 1000;
5 16 L 63 2;
94 <<3.6p>> 7750 12750 33088 2100 1000;
5 16 R 22 2;
94 <<9.2>> 15250 12750 33024 1500 1000;
5 16 L 64 2;
94 <<8.3p>> 23750 12750 33088 2100 1000;
5 16 L 65 2;
94 <<0.4p>> 33750 12750 33088 2100 1000;
5 16 R 23 2;
94 <<7.2>> 41250 12750 33024 1500 1000;
5 16 L 66 2;
94 <<0.328p>> -32250 2750 33024 3300 1000;
5 16 L 67 2;
94 <<1p>> -26250 2750 33024 1050 1000;
5 16 L 68 2;
94 <<0.234p>> -6250 2750 33024 3300 1000;
5 16 L 69 2;
94 <<1p>> -250 2750 33024 1050 1000;
5 16 L 70 2;
94 <<0.567p>> 9750 2750 33024 3300 1000;
5 16 L 71 2;
94 <<1p>> 15750 2750 33024 1050 1000;
5 16 L 72 2;
94 <<1p>> 41750 2750 33024 1050 1000;
5 16 L 73 2;
94 <<1.186p>> 41750 -7250 33024 2850 1000;
5 16 L 74 2;
94 <<2.577p>> -80250 -39250 33088 3300 1000;
5 16 R 25 2;
94 <<4.5>> -72750 -39250 33024 1500 1000;
5 16 L 75 2;
94 <<1p>> -64250 -39250 33088 1050 1000;
5 16 L 76 2;
94 <<2.583p>> -54250 -39250 33088 3300 1000;
5 16 R 26 2;
94 <<4.2>> -46750 -39250 33024 1500 1000;
5 16 L 77 2;
94 <<2.95p>> -38250 -39250 33088 2700 1000;
5 16 L 78 2;
94 <<0.359p>> 35750 -39250 33088 3300 1000;
5 16 R 27 2;
94 <<4.47>> 43250 -39250 33024 2100 1000;
5 16 L 79 2;
94 <<2.571p>> 51750 -39250 33088 3075 1000;
5 16 R 24 2;
94 <<3.54>> 61750 -40500 33088 2100 1000;
5 16 L 80 2;
94 <<0.109p>> -78250 -49250 33024 3075 1000;
5 16 L 81 2;
94 <<1p>> -72250 -49250 33024 1050 1000;
5 16 L 82 2;
94 <<0.133p>> -52250 -49250 33024 3075 1000;
5 16 L 83 2;
94 <<1p>> -46250 -49250 33024 1050 1000;
5 16 L 84 2;
94 <<0.239p>> 37750 -49250 33024 3300 1000;
5 16 L 85 2;
94 <<1p>> 43750 -49250 33024 1050 1000;
L PARM;
5 16 B 0 3;
94 <<area=2.5>> -77250 124250 32768 4425 1000;
5 16 B 1 3;
94 <<area=2.5>> -51250 124250 32768 4425 1000;
5 16 B 2 3;
94 <<area=2.5>> -35250 124250 32768 4425 1000;
5 16 B 3 3;
94 <<area=2.5>> -9250 124250 32768 4425 1000;
5 16 B 4 3;
94 <<area=2.5>> 6750 124250 32768 4425 1000;
5 16 B 5 3;
94 <<area=2.5>> 32750 124250 32768 4425 1000;
5 16 B 6 3;
94 <<area=2.5>> 48750 124250 32768 4425 1000;
5 16 B 7 3;
94 <<area=2.5>> 74750 124250 32768 4425 1000;
5 16 B 8 3;
94 <<area=3.5>> -57250 97250 32768 4425 1000;
5 16 B 9 3;
94 <<area=3.5>> -11250 97250 32768 4425 1000;
5 16 B 10 3;
94 <<area=3.5>> 26750 97250 32768 4425 1000;
5 16 B 11 3;
94 <<area=3.5>> 67750 97250 32768 4425 1000;
5 16 B 12 3;
94 <<area=2.1>> -63250 67250 32768 4200 1000;
5 16 B 13 3;
94 <<area=2.3>> -17250 67250 32768 4425 1000;
5 16 B 14 3;
94 <<area=1.25>> 20750 67250 32768 4800 1000;
5 16 B 15 3;
94 <<area=1.1>> 61750 67250 32768 3975 1000;
5 16 B 18 3;
94 <<area=1.5>> 14250 35250 33024 4200 1000;
5 16 B 16 3;
94 <<area=1.3>> 51750 34250 32768 4200 1000;
5 16 B 17 3;
94 <<area=1.159375>> 77750 34250 32768 6975 1000;
5 16 B 19 3;
94 <<area=1.1>> 41750 13250 32768 3975 1000;
5 16 B 20 3;
94 <<area=2>> -32250 3250 32768 3600 1000;
5 16 B 21 3;
94 <<area=1.21>> -6250 3250 32768 4575 1000;
5 16 B 22 3;
94 <<area=1.05>> 9750 3250 32768 4800 1000;
5 16 B 23 3;
94 <<area=1.35>> 35750 3250 32768 4800 1000;
5 16 B 24 3;
94 <<area=2.16>> -78250 -48750 32768 4800 1000;
5 16 B 25 3;
94 <<area=1.634883>> -52250 -48750 32768 7200 1000;
5 16 B 26 3;
94 <<area=1.534914>> 37750 -48750 32768 6975 1000;
DF;
E
* Generated by Xic from cell ERSFQ_NOT
.tran 0.5p 1000p 0 0.25p UIC
B0 5 47 92 jjmit area=2.5
B1 7 49 93 jjmit area=2.5
B2 8 51 94 jjmit area=2.5
B3 10 53 95 jjmit area=2.5
B4 11 55 96 jjmit area=2.5
B5 13 57 97 jjmit area=2.5
B6 14 59 98 jjmit area=2.5
B7 16 61 99 jjmit area=2.5
B8 17 6 100 jjmit area=3.5
B9 18 9 101 jjmit area=3.5
B10 19 12 102 jjmit area=3.5
B11 20 15 103 jjmit area=3.5
B12 24 28 104 jjmit area=2.1
B13 25 29 105 jjmit area=2.3
B14 26 30 106 jjmit area=1.25
B15 27 31 107 jjmit area=1.1
B16 34 73 108 jjmit area=1.3
B17 35 75 109 jjmit area=1.159375
B18 32 33 110 jjmit area=1.5
B19 40 36 111 jjmit area=1.1
B20 37 78 112 jjmit area=2
B21 38 80 113 jjmit area=1.21
B22 39 82 114 jjmit area=1.05
B23 40 41 115 jjmit area=1.35
B24 43 86 116 jjmit area=2.16
B25 44 88 117 jjmit area=1.634883
B26 45 90 118 jjmit area=1.534914
I0 0 67 pwl(0 0 5p 2000u)
L0 46 0 1p
L1 47 0 0.2p
L2 48 0 1p
L3 49 0 0.2p
L4 50 0 1p
L5 51 0 0.2p
L6 52 0 1p
L7 53 0 0.2p
L8 54 0 1p
L9 55 0 0.2p
L10 56 0 1p
L11 57 0 0.2p
L12 58 0 1p
L13 59 0 0.2p
L14 60 0 1p
L15 61 0 0.2p
L16 5 IBIAS 2p
L17 6 5 2p
L18 7 6 2p
L19 8 7 2p
L20 9 8 2p
L21 10 9 2p
L22 11 10 2p
L23 12 11 2p
L24 13 12 2p
L25 14 13 2p
L26 15 14 2p
L27 16 15 2p
L28 62 6 1p
L29 63 9 1p
L30 64 12 1p
L31 65 15 1p
L32 21 17 400p
L33 22 18 400p
L34 23 19 400p
L35 66 20 400p
L36 67 21 10p
L37 21 22 10p
L38 22 23 10p
L39 23 66 10p
L40 21 24 400p
L41 22 25 400p
L42 23 26 400p
L43 66 27 400p
L44 68 28 1p
L45 69 29 1p
L46 70 30 1p
L47 71 31 1p
L48 72 33 1p
L49 33 34 0.239p
L50 34 31 5.53p
L51 31 35 1p
L52 35 OUT 1.846p
L53 33 36 0.734p
L54 73 0 0.27p
L55 74 0 1p
L56 75 0 0.12p
L57 76 0 1p
L58 77 36 1p
L59 39 32 3p
L60 CLK 37 1.53p
L61 37 29 1.01p
L62 29 38 3p
L63 38 39 3.6p
L64 39 30 8.3p
L65 30 40 0.4p
L66 78 0 0.328p
L67 79 0 1p
L68 80 0 0.234p
L69 81 0 1p
L70 82 0 0.567p
L71 83 0 1p
L72 84 41 1p
L73 41 42 1.186p
L74 IN 43 2.577p
L75 43 28 1p
L76 28 44 2.583p
L77 44 42 2.95p
L78 42 45 0.359p
L79 45 85 2.571p
L80 86 0 0.109p
L81 87 0 1p
L82 88 0 0.133p
L83 89 0 1p
L84 90 0 0.239p
L85 91 0 1p
R0 5 46 3.88
R1 7 48 3.88
R2 8 50 3.88
R3 10 52 3.88
R4 11 54 3.88
R5 13 56 3.88
R6 14 58 3.88
R7 16 60 3.88
R8 17 62 2.77
R9 18 63 2.77
R10 19 64 2.77
R11 20 65 2.77
R12 24 68 3.27
R13 25 69 4.22
R14 26 70 7.76
R15 27 71 8.82
R16 32 72 4.57
R17 34 74 7.46
R18 35 76 5.92
R19 40 77 8.8
R20 37 79 4.85
R21 38 81 8
R22 39 83 9.2
R23 40 84 7.2
R24 85 0 3.54
R25 43 87 4.5
R26 44 89 4.2
R27 45 91 4.47
.model jjmit jj(rtype=1, vg=2.8mV, cap=0.07pF, r0=160, rn=16, icrit=0.1mA)

* YBCO
.save @I0[c]
