(Symbol ERSFQ_AND2);
($Id:$);
(xic.exe 4.3.5 Win32 i386 05/11/2018 09:25 GMT);
(PHYSICAL);
(RESOLUTION 1000);
( CREATED 5/11/2018 9:25:48, MODIFIED 5/11/2018 9:25:48 );
9 ERSFQ_AND2;
DS 0 1 1;
DF;
E
(ELECTRICAL);
(RESOLUTION 1000);
5 7101 tran 0.5p 1000p 0 0.25p UIC;
5 10 1 0 -189000 -10000 0x0 IN1;
5 10 2 1 -189000 -72000 0x0 IN2;
5 10 3 2 -189000 -40000 0x0 INCLK;
5 10 4 3 118000:119000 -39000:-51000 0x0 OUT;
5 10 5 4 -142000 27000 0x0 BIAS1;
5 10 6 5 -116000 27000 0x0 BIAS2;
5 10 7 6 -76000 27000 0x0 BIAS3;
5 10 8 7 -51000 27000 0x0 BIAS4;
5 10 9 8 -9000 27000 0x0 BIAS5;
5 10 10 9 17000 27000 0x0 BIAS6;
5 10 11 10 85000 27000 0x0 BIAS7;
5 11 X 0 subckt;
9 ERSFQ_AND2;
DS 0 1 1;
(SymbolCall gnd);
5 10 0 0 -24000 -30000;
1 Bound -25000 -32600 -23000 -30000;
9 gnd;
C 0 T -25000 -31000;
(SymbolCall gnd);
5 10 0 0 -18000 -30000;
1 Bound -19000 -32600 -17000 -30000;
9 gnd;
C 0 T -19000 -31000;
(SymbolCall gnd);
5 10 0 0 2000 -30000;
1 Bound 1000 -32600 3000 -30000;
9 gnd;
C 0 T 1000 -31000;
(SymbolCall gnd);
5 10 0 0 8000 -30000;
1 Bound 7000 -32600 9000 -30000;
9 gnd;
C 0 T 7000 -31000;
(SymbolCall gnd);
5 10 0 0 28000 -30000;
1 Bound 27000 -32600 29000 -30000;
9 gnd;
C 0 T 27000 -31000;
(SymbolCall gnd);
5 10 0 0 34000 -30000;
1 Bound 33000 -32600 35000 -30000;
9 gnd;
C 0 T 33000 -31000;
(SymbolCall gnd);
5 10 0 0 76000 -59000;
1 Bound 75000 -61600 77000 -59000;
9 gnd;
C 0 T 75000 -60000;
(SymbolCall gnd);
5 10 0 0 82000 -59000;
1 Bound 81000 -61600 83000 -59000;
9 gnd;
C 0 T 81000 -60000;
(SymbolCall gnd);
5 10 0 0 102000 -59000;
1 Bound 101000 -61600 103000 -59000;
9 gnd;
C 0 T 101000 -60000;
(SymbolCall gnd);
5 10 0 0 108000 -59000;
1 Bound 107000 -61600 109000 -59000;
9 gnd;
C 0 T 107000 -60000;
(SymbolCall gnd);
5 10 0 0 -90000 -60000;
1 Bound -91000 -62600 -89000 -60000;
9 gnd;
C 0 T -91000 -61000;
(SymbolCall gnd);
5 10 0 0 -84000 -60000;
1 Bound -85000 -62600 -83000 -60000;
9 gnd;
C 0 T -85000 -61000;
(SymbolCall gnd);
5 10 0 0 -64000 -60000;
1 Bound -65000 -62600 -63000 -60000;
9 gnd;
C 0 T -65000 -61000;
(SymbolCall gnd);
5 10 0 0 -58000 -60000;
1 Bound -59000 -62600 -57000 -60000;
9 gnd;
C 0 T -59000 -61000;
(SymbolCall gnd);
5 10 0 0 -38000 -60000;
1 Bound -39000 -62600 -37000 -60000;
9 gnd;
C 0 T -39000 -61000;
(SymbolCall gnd);
5 10 0 0 -32000 -60000;
1 Bound -33000 -62600 -31000 -60000;
9 gnd;
C 0 T -33000 -61000;
(SymbolCall gnd);
5 10 0 0 -152000 -92000;
1 Bound -153000 -94600 -151000 -92000;
9 gnd;
C 0 T -153000 -93000;
(SymbolCall gnd);
5 10 0 0 -146000 -92000;
1 Bound -147000 -94600 -145000 -92000;
9 gnd;
C 0 T -147000 -93000;
(SymbolCall gnd);
5 10 0 0 -126000 -92000;
1 Bound -127000 -94600 -125000 -92000;
9 gnd;
C 0 T -127000 -93000;
(SymbolCall gnd);
5 10 0 0 -120000 -92000;
1 Bound -121000 -94600 -119000 -92000;
9 gnd;
C 0 T -121000 -93000;
(SymbolCall gnd);
5 10 0 0 -100000 -92000;
1 Bound -101000 -94600 -99000 -92000;
9 gnd;
C 0 T -101000 -93000;
(SymbolCall gnd);
5 10 0 0 -94000 -92000;
1 Bound -95000 -94600 -93000 -92000;
9 gnd;
C 0 T -95000 -93000;
(SymbolCall ind);
5 10 12 1 -142000 17000 L0-;
5 10 5 0 -142000 27000 L0+;
5 15 -141000 26000 0 -1;
5 2 400p;
5 11 L 0;
1 Bound -142000 17000 -140500 27000;
9 ind;
C 0 T -143000 17000;
(SymbolCall ind);
5 10 13 1 -116000 17000 L1-;
5 10 6 0 -116000 27000 L1+;
5 15 -115000 26000 0 -1;
5 11 L 1;
5 2 400p;
1 Bound -116000 17000 -114500 27000;
9 ind;
C 0 T -117000 17000;
(SymbolCall ind);
5 10 14 1 -76000 17000 L2-;
5 10 7 0 -76000 27000 L2+;
5 15 -75000 26000 0 -1;
5 2 400p;
5 11 L 2;
1 Bound -76000 17000 -74500 27000;
9 ind;
C 0 T -77000 17000;
(SymbolCall ind);
5 10 15 1 -51000 17000 L3-;
5 10 8 0 -51000 27000 L3+;
5 15 -50000 26000 0 -1;
5 11 L 3;
5 2 400p;
1 Bound -51000 17000 -49500 27000;
9 ind;
C 0 T -52000 17000;
(SymbolCall ind);
5 10 16 1 -9000 17000 L4-;
5 10 9 0 -9000 27000 L4+;
5 15 -8000 26000 0 -1;
5 2 400p;
5 11 L 4;
1 Bound -9000 17000 -7500 27000;
9 ind;
C 0 T -10000 17000;
(SymbolCall ind);
5 10 17 1 17000 17000 L5-;
5 10 10 0 17000 27000 L5+;
5 15 18000 26000 0 -1;
5 11 L 5;
5 2 400p;
1 Bound 17000 17000 18500 27000;
9 ind;
C 0 T 16000 17000;
(SymbolCall ind);
5 10 18 1 85000 17000 L6-;
5 10 11 0 85000 27000 L6+;
5 15 86000 26000 0 -1;
5 2 400p;
5 11 L 6;
1 Bound 85000 17000 86500 27000;
9 ind;
C 0 T 84000 17000;
(SymbolCall ind);
5 10 19 1 -136000 -3000 L7-;
5 10 45 0 -136000 7000 L7+;
5 15 -135000 6000 0 -1;
5 11 L 7;
5 2 1p;
1 Bound -136000 -3000 -134500 7000;
9 ind;
C 0 T -137000 -3000;
(SymbolCall ind);
5 10 20 1 -110000 -3000 L8-;
5 10 46 0 -110000 7000 L8+;
5 15 -109000 6000 0 -1;
5 2 1p;
5 11 L 8;
1 Bound -110000 -3000 -108500 7000;
9 ind;
C 0 T -111000 -3000;
(SymbolCall ind);
5 10 21 1 -70000 -3000 L9-;
5 10 47 0 -70000 7000 L9+;
5 15 -69000 6000 0 -1;
5 11 L 9;
5 2 1p;
1 Bound -70000 -3000 -68500 7000;
9 ind;
C 0 T -71000 -3000;
(SymbolCall ind);
5 10 22 1 -45000 -3000 L10-;
5 10 48 0 -45000 7000 L10+;
5 15 -44000 6000 0 -1;
5 11 L 10;
5 2 1p;
1 Bound -45000 -3000 -43500 7000;
9 ind;
C 0 T -46000 -3000;
(SymbolCall ind);
5 10 23 1 -3000 -3000 L11-;
5 10 49 0 -3000 7000 L11+;
5 15 -2000 6000 0 -1;
5 11 L 11;
5 2 1p;
1 Bound -3000 -3000 -1500 7000;
9 ind;
C 0 T -4000 -3000;
(SymbolCall ind);
5 10 24 1 23000 -3000 L12-;
5 10 50 0 23000 7000 L12+;
5 15 24000 6000 0 -1;
5 11 L 12;
5 2 1p;
1 Bound 23000 -3000 24500 7000;
9 ind;
C 0 T 22000 -3000;
(SymbolCall ind);
5 10 25 1 91000 -3000 L13-;
5 10 51 0 91000 7000 L13+;
5 15 92000 6000 0 -1;
5 11 L 13;
5 2 1p;
1 Bound 91000 -3000 92500 7000;
9 ind;
C 0 T 90000 -3000;
(SymbolCall ind);
5 10 26 1 -24000 -10000 L14-;
5 10 1 0 -34000 -10000 L14+;
5 15 -33000 -9000 1 0;
5 11 L 14;
5 2 2p;
1 Bound -34000 -10000 -24000 -8500;
( Rotate 90 );
9 ind;
C 0 R 0 1 T -24000 -11000;
(SymbolCall ind);
5 10 23 1 -8000 -10000 L15-;
5 10 26 0 -18000 -10000 L15+;
5 15 -17000 -9000 1 0;
5 11 L 15;
5 2 2.5375p;
1 Bound -18000 -10000 -8000 -8500;
( Rotate 90 );
9 ind;
C 0 R 0 1 T -8000 -11000;
(SymbolCall ind);
5 10 27 1 2000 -10000 L16-;
5 10 23 0 -8000 -10000 L16+;
5 15 -7000 -9000 1 0;
5 11 L 16;
5 2 2.5375p;
1 Bound -8000 -10000 2000 -8500;
( Rotate 90 );
9 ind;
C 0 R 0 1 T 2000 -11000;
(SymbolCall ind);
5 10 24 1 18000 -10000 L17-;
5 10 27 0 8000 -10000 L17+;
5 15 9000 -9000 1 0;
5 11 L 17;
5 2 2.054p;
1 Bound 8000 -10000 18000 -8500;
( Rotate 90 );
9 ind;
C 0 R 0 1 T 18000 -11000;
(SymbolCall ind);
5 10 28 1 28000 -10000 L18-;
5 10 24 0 18000 -10000 L18+;
5 15 19000 -9000 1 0;
5 11 L 18;
5 2 9.521p;
1 Bound 18000 -10000 28000 -8500;
( Rotate 90 );
9 ind;
C 0 R 0 1 T 28000 -11000;
(SymbolCall ind);
5 10 29 1 44000 -10000 L19-;
5 10 28 0 34000 -10000 L19+;
5 15 35000 -9000 1 0;
5 11 L 19;
5 2 0.148p;
1 Bound 34000 -10000 44000 -8500;
( Rotate 90 );
9 ind;
C 0 R 0 1 T 44000 -11000;
(SymbolCall ind);
5 10 30 1 60000 -10000 L20-;
5 10 29 0 50000 -10000 L20+;
5 15 51000 -9000 1 0;
5 11 L 20;
5 2 2.844p;
1 Bound 50000 -10000 60000 -8500;
( Rotate 90 );
9 ind;
C 0 R 0 1 T 60000 -11000;
(SymbolCall ind);
5 10 0 1 -24000 -30000 L21-;
5 10 52 0 -24000 -20000 L21+;
5 15 -23000 -21000 0 -1;
5 11 L 21;
5 2 0.2p;
1 Bound -24000 -30000 -22500 -20000;
9 ind;
C 0 T -25000 -30000;
(SymbolCall ind);
5 10 0 1 -18000 -30000 L22-;
5 10 53 0 -18000 -20000 L22+;
5 15 -17000 -21000 0 -1;
5 11 L 22;
5 2 1p;
1 Bound -18000 -30000 -16500 -20000;
9 ind;
C 0 T -19000 -30000;
(SymbolCall ind);
5 10 0 1 2000 -30000 L23-;
5 10 54 0 2000 -20000 L23+;
5 15 3000 -21000 0 -1;
5 2 0.2p;
5 11 L 23;
1 Bound 2000 -30000 3500 -20000;
9 ind;
C 0 T 1000 -30000;
(SymbolCall ind);
5 10 0 1 8000 -30000 L24-;
5 10 55 0 8000 -20000 L24+;
5 15 9000 -21000 0 -1;
5 2 1p;
5 11 L 24;
1 Bound 8000 -30000 9500 -20000;
9 ind;
C 0 T 7000 -30000;
(SymbolCall ind);
5 10 0 1 28000 -30000 L25-;
5 10 56 0 28000 -20000 L25+;
5 15 29000 -21000 0 -1;
5 2 0.2p;
5 11 L 25;
1 Bound 28000 -30000 29500 -20000;
9 ind;
C 0 T 27000 -30000;
(SymbolCall ind);
5 10 0 1 34000 -30000 L26-;
5 10 57 0 34000 -20000 L26+;
5 15 35000 -21000 0 -1;
5 2 1p;
5 11 L 26;
1 Bound 34000 -30000 35500 -20000;
9 ind;
C 0 T 33000 -30000;
(SymbolCall ind);
5 10 31 1 50000 -30000 L27-;
5 10 58 0 50000 -20000 L27+;
5 15 51000 -21000 0 -1;
5 2 1p;
5 11 L 27;
1 Bound 50000 -30000 51500 -20000;
9 ind;
C 0 T 49000 -30000;
(SymbolCall ind);
5 10 32 1 66000 -30000 L28-;
5 10 59 0 66000 -20000 L28+;
5 15 67000 -21000 0 -1;
5 11 L 28;
5 2 1p;
1 Bound 66000 -30000 67500 -20000;
9 ind;
C 0 T 65000 -30000;
(SymbolCall ind);
5 10 38 1 44000 -40000 L29-;
5 10 31 0 44000 -30000 L29+;
5 15 45000 -31000 0 -1;
5 11 L 29;
5 2 2.132p;
1 Bound 44000 -40000 45500 -30000;
9 ind;
C 0 T 43000 -40000;
(SymbolCall ind);
5 10 33 1 76000 -39000 L30-;
5 10 32 0 66000 -39000 L30+;
5 15 67000 -38000 1 0;
5 11 L 30;
5 2 0.499p;
1 Bound 66000 -39000 76000 -37500;
( Rotate 90 );
9 ind;
C 0 R 0 1 T 76000 -40000;
(SymbolCall ind);
5 10 25 1 92000 -39000 L31-;
5 10 33 0 82000 -39000 L31+;
5 15 83000 -38000 1 0;
5 11 L 31;
5 2 0.039p;
1 Bound 82000 -39000 92000 -37500;
( Rotate 90 );
9 ind;
C 0 R 0 1 T 92000 -40000;
(SymbolCall ind);
5 10 34 1 102000 -39000 L32-;
5 10 25 0 92000 -39000 L32+;
5 15 93000 -38000 1 0;
5 11 L 32;
5 2 2.6p;
1 Bound 92000 -39000 102000 -37500;
( Rotate 90 );
9 ind;
C 0 R 0 1 T 102000 -40000;
(SymbolCall ind);
5 10 4 1 118000 -39000 L33-;
5 10 34 0 108000 -39000 L33+;
5 15 109000 -38000 1 0;
5 11 L 33;
5 2 2.47p;
1 Bound 108000 -39000 118000 -37500;
( Rotate 90 );
9 ind;
C 0 R 0 1 T 118000 -40000;
(SymbolCall ind);
5 10 35 1 -90000 -40000 L34-;
5 10 3 0 -100000 -40000 L34+;
5 15 -99000 -39000 1 0;
5 2 2p;
5 11 L 34;
1 Bound -100000 -40000 -90000 -38500;
( Rotate 90 );
9 ind;
C 0 R 0 1 T -90000 -41000;
(SymbolCall ind);
5 10 21 1 -74000 -40000 L35-;
5 10 35 0 -84000 -40000 L35+;
5 15 -83000 -39000 1 0;
5 2 2.511p;
5 11 L 35;
1 Bound -84000 -40000 -74000 -38500;
( Rotate 90 );
9 ind;
C 0 R 0 1 T -74000 -41000;
(SymbolCall ind);
5 10 36 1 -64000 -40000 L36-;
5 10 21 0 -74000 -40000 L36+;
5 15 -73000 -39000 1 0;
5 2 2.511p;
5 11 L 36;
1 Bound -74000 -40000 -64000 -38500;
( Rotate 90 );
9 ind;
C 0 R 0 1 T -64000 -41000;
(SymbolCall ind);
5 10 22 1 -48000 -40000 L37-;
5 10 36 0 -58000 -40000 L37+;
5 15 -57000 -39000 1 0;
5 2 0.239p;
5 11 L 37;
1 Bound -58000 -40000 -48000 -38500;
( Rotate 90 );
9 ind;
C 0 R 0 1 T -48000 -41000;
(SymbolCall ind);
5 10 37 1 -38000 -40000 L38-;
5 10 22 0 -48000 -40000 L38+;
5 15 -47000 -39000 1 0;
5 2 1.924p;
5 11 L 38;
1 Bound -48000 -40000 -38000 -38500;
( Rotate 90 );
9 ind;
C 0 R 0 1 T -38000 -41000;
(SymbolCall ind);
5 10 38 1 -22000 -40000 L39-;
5 10 37 0 -32000 -40000 L39+;
5 15 -31000 -39000 1 0;
5 2 0.01p;
5 11 L 39;
1 Bound -32000 -40000 -22000 -38500;
( Rotate 90 );
9 ind;
C 0 R 0 1 T -22000 -41000;
(SymbolCall ind);
5 10 39 1 44000 -50000 L40-;
5 10 38 0 44000 -40000 L40+;
5 15 45000 -41000 0 -1;
5 11 L 40;
5 2 2.171p;
1 Bound 44000 -50000 45500 -40000;
9 ind;
C 0 T 43000 -50000;
(SymbolCall ind);
5 10 0 1 76000 -59000 L41-;
5 10 60 0 76000 -49000 L41+;
5 15 77000 -50000 0 -1;
5 2 0.2p;
5 11 L 41;
1 Bound 76000 -59000 77500 -49000;
9 ind;
C 0 T 75000 -59000;
(SymbolCall ind);
5 10 0 1 82000 -59000 L42-;
5 10 61 0 82000 -49000 L42+;
5 15 83000 -50000 0 -1;
5 2 1p;
5 11 L 42;
1 Bound 82000 -59000 83500 -49000;
9 ind;
C 0 T 81000 -59000;
(SymbolCall ind);
5 10 0 1 102000 -59000 L43-;
5 10 62 0 102000 -49000 L43+;
5 15 103000 -50000 0 -1;
5 11 L 43;
5 2 0.2p;
1 Bound 102000 -59000 103500 -49000;
9 ind;
C 0 T 101000 -59000;
(SymbolCall ind);
5 10 0 1 108000 -59000 L44-;
5 10 63 0 108000 -49000 L44+;
5 15 109000 -50000 0 -1;
5 11 L 44;
5 2 1p;
1 Bound 108000 -59000 109500 -49000;
9 ind;
C 0 T 107000 -59000;
(SymbolCall ind);
5 10 0 1 -90000 -60000 L45-;
5 10 64 0 -90000 -50000 L45+;
5 15 -89000 -51000 0 -1;
5 2 0.2p;
5 11 L 45;
1 Bound -90000 -60000 -88500 -50000;
9 ind;
C 0 T -91000 -60000;
(SymbolCall ind);
5 10 0 1 -84000 -60000 L46-;
5 10 65 0 -84000 -50000 L46+;
5 15 -83000 -51000 0 -1;
5 2 1p;
5 11 L 46;
1 Bound -84000 -60000 -82500 -50000;
9 ind;
C 0 T -85000 -60000;
(SymbolCall ind);
5 10 0 1 -64000 -60000 L47-;
5 10 66 0 -64000 -50000 L47+;
5 15 -63000 -51000 0 -1;
5 11 L 47;
5 2 0.2p;
1 Bound -64000 -60000 -62500 -50000;
9 ind;
C 0 T -65000 -60000;
(SymbolCall ind);
5 10 0 1 -58000 -60000 L48-;
5 10 67 0 -58000 -50000 L48+;
5 15 -57000 -51000 0 -1;
5 11 L 48;
5 2 1p;
1 Bound -58000 -60000 -56500 -50000;
9 ind;
C 0 T -59000 -60000;
(SymbolCall ind);
5 10 0 1 -38000 -60000 L49-;
5 10 68 0 -38000 -50000 L49+;
5 15 -37000 -51000 0 -1;
5 11 L 49;
5 2 0.2p;
1 Bound -38000 -60000 -36500 -50000;
9 ind;
C 0 T -39000 -60000;
(SymbolCall ind);
5 10 0 1 -32000 -60000 L50-;
5 10 69 0 -32000 -50000 L50+;
5 15 -31000 -51000 0 -1;
5 11 L 50;
5 2 1p;
1 Bound -32000 -60000 -30500 -50000;
9 ind;
C 0 T -33000 -60000;
(SymbolCall ind);
5 10 40 1 44000 -70000 L51-;
5 10 70 0 44000 -60000 L51+;
5 15 43000 -61000 0 -1;
5 2 1p;
5 11 L 51;
1 Bound 42500 -70000 44000 -60000;
( Rotate 180 );
9 ind;
C 0 MY R -1 0 T 45000 -70000;
(SymbolCall ind);
5 10 41 1 60000 -70000 L52-;
5 10 71 0 60000 -60000 L52+;
5 15 59000 -61000 0 -1;
5 2 1p;
5 11 L 52;
1 Bound 58500 -70000 60000 -60000;
( Rotate 180 );
9 ind;
C 0 MY R -1 0 T 61000 -70000;
(SymbolCall ind);
5 10 41 1 60000 -70000 L53-;
5 10 40 0 50000 -70000 L53+;
5 15 51000 -69000 1 0;
5 2 2.904p;
5 11 L 53;
1 Bound 50000 -70000 60000 -68500;
( Rotate 90 );
9 ind;
C 0 R 0 1 T 60000 -71000;
(SymbolCall ind);
5 10 42 1 -152000 -72000 L54-;
5 10 2 0 -162000 -72000 L54+;
5 15 -161000 -71000 1 0;
5 11 L 54;
5 2 2p;
1 Bound -162000 -72000 -152000 -70500;
( Rotate 90 );
9 ind;
C 0 R 0 1 T -152000 -73000;
(SymbolCall ind);
5 10 19 1 -136000 -72000 L55-;
5 10 42 0 -146000 -72000 L55+;
5 15 -145000 -71000 1 0;
5 11 L 55;
5 2 2.4p;
1 Bound -146000 -72000 -136000 -70500;
( Rotate 90 );
9 ind;
C 0 R 0 1 T -136000 -73000;
(SymbolCall ind);
5 10 43 1 -126000 -72000 L56-;
5 10 19 0 -136000 -72000 L56+;
5 15 -135000 -71000 1 0;
5 11 L 56;
5 2 2.4p;
1 Bound -136000 -72000 -126000 -70500;
( Rotate 90 );
9 ind;
C 0 R 0 1 T -126000 -73000;
(SymbolCall ind);
5 10 20 1 -110000 -72000 L57-;
5 10 43 0 -120000 -72000 L57+;
5 15 -119000 -71000 1 0;
5 11 L 57;
5 2 2.057p;
1 Bound -120000 -72000 -110000 -70500;
( Rotate 90 );
9 ind;
C 0 R 0 1 T -110000 -73000;
(SymbolCall ind);
5 10 44 1 -100000 -72000 L58-;
5 10 20 0 -110000 -72000 L58+;
5 15 -109000 -71000 1 0;
5 11 L 58;
5 2 9.521p;
1 Bound -110000 -72000 -100000 -70500;
( Rotate 90 );
9 ind;
C 0 R 0 1 T -100000 -73000;
(SymbolCall ind);
5 10 40 1 -84000 -72000 L59-;
5 10 44 0 -94000 -72000 L59+;
5 15 -93000 -71000 1 0;
5 11 L 59;
5 2 0.179p;
1 Bound -94000 -72000 -84000 -70500;
( Rotate 90 );
9 ind;
C 0 R 0 1 T -84000 -73000;
(SymbolCall ind);
5 10 0 1 -152000 -92000 L60-;
5 10 72 0 -152000 -82000 L60+;
5 15 -151000 -83000 0 -1;
5 11 L 60;
5 2 0.2p;
1 Bound -152000 -92000 -150500 -82000;
9 ind;
C 0 T -153000 -92000;
(SymbolCall ind);
5 10 0 1 -146000 -92000 L61-;
5 10 73 0 -146000 -82000 L61+;
5 15 -145000 -83000 0 -1;
5 11 L 61;
5 2 1p;
1 Bound -146000 -92000 -144500 -82000;
9 ind;
C 0 T -147000 -92000;
(SymbolCall ind);
5 10 0 1 -126000 -92000 L62-;
5 10 74 0 -126000 -82000 L62+;
5 15 -125000 -83000 0 -1;
5 2 0.2p;
5 11 L 62;
1 Bound -126000 -92000 -124500 -82000;
9 ind;
C 0 T -127000 -92000;
(SymbolCall ind);
5 10 0 1 -120000 -92000 L63-;
5 10 75 0 -120000 -82000 L63+;
5 15 -119000 -83000 0 -1;
5 2 1p;
5 11 L 63;
1 Bound -120000 -92000 -118500 -82000;
9 ind;
C 0 T -121000 -92000;
(SymbolCall ind);
5 10 0 1 -100000 -92000 L64-;
5 10 76 0 -100000 -82000 L64+;
5 15 -99000 -83000 0 -1;
5 2 0.2p;
5 11 L 64;
1 Bound -100000 -92000 -98500 -82000;
9 ind;
C 0 T -101000 -92000;
(SymbolCall ind);
5 10 0 1 -94000 -92000 L65-;
5 10 77 0 -94000 -82000 L65+;
5 15 -93000 -83000 0 -1;
5 2 1p;
5 11 L 65;
1 Bound -94000 -92000 -92500 -82000;
9 ind;
C 0 T -95000 -92000;
(SymbolCall jj);
5 3 area=B0;
5 10 78 2 -143000 15000 B0_2;
5 10 19 1 -142000 7000 B0-;
5 10 12 0 -142000 17000 B0+;
5 11 B 0;
5 1 jjmit;
1 Bound -143500 7000 -140500 17000;
9 jj;
C 0 T -143000 7000;
(SymbolCall jj);
5 3 area=B1;
5 10 79 2 -117000 15000 B1_2;
5 10 20 1 -116000 7000 B1-;
5 10 13 0 -116000 17000 B1+;
5 1 jjmit;
5 11 B 1;
1 Bound -117500 7000 -114500 17000;
9 jj;
C 0 T -117000 7000;
(SymbolCall jj);
5 3 area=B2;
5 10 80 2 -77000 15000 B2_2;
5 10 21 1 -76000 7000 B2-;
5 10 14 0 -76000 17000 B2+;
5 11 B 2;
5 1 jjmit;
1 Bound -77500 7000 -74500 17000;
9 jj;
C 0 T -77000 7000;
(SymbolCall jj);
5 3 area=B3;
5 10 81 2 -52000 15000 B3_2;
5 10 22 1 -51000 7000 B3-;
5 10 15 0 -51000 17000 B3+;
5 11 B 3;
5 1 jjmit;
1 Bound -52500 7000 -49500 17000;
9 jj;
C 0 T -52000 7000;
(SymbolCall jj);
5 3 area=B4;
5 10 82 2 -10000 15000 B4_2;
5 10 23 1 -9000 7000 B4-;
5 10 16 0 -9000 17000 B4+;
5 11 B 4;
5 1 jjmit;
1 Bound -10500 7000 -7500 17000;
9 jj;
C 0 T -10000 7000;
(SymbolCall jj);
5 3 area=B5;
5 10 83 2 16000 15000 B5_2;
5 10 24 1 17000 7000 B5-;
5 10 17 0 17000 17000 B5+;
5 11 B 5;
5 1 jjmit;
1 Bound 15500 7000 18500 17000;
9 jj;
C 0 T 16000 7000;
(SymbolCall jj);
5 3 area=B6;
5 10 84 2 84000 15000 B6_2;
5 10 25 1 85000 7000 B6-;
5 10 18 0 85000 17000 B6+;
5 11 B 6;
5 1 jjmit;
1 Bound 83500 7000 86500 17000;
9 jj;
C 0 T 84000 7000;
(SymbolCall jj);
5 3 area=B7;
5 10 85 2 -25000 -12000 B7_2;
5 10 52 1 -24000 -20000 B7-;
5 10 26 0 -24000 -10000 B7+;
5 11 B 7;
5 1 jjmit;
1 Bound -25500 -20000 -22500 -10000;
9 jj;
C 0 T -25000 -20000;
(SymbolCall jj);
5 3 area=B8;
5 10 86 2 1000 -12000 B8_2;
5 10 54 1 2000 -20000 B8-;
5 10 27 0 2000 -10000 B8+;
5 1 jjmit;
5 11 B 8;
1 Bound 500 -20000 3500 -10000;
9 jj;
C 0 T 1000 -20000;
(SymbolCall jj);
5 3 area=B9;
5 10 87 2 27000 -12000 B9_2;
5 10 56 1 28000 -20000 B9-;
5 10 28 0 28000 -10000 B9+;
5 1 jjmit;
5 11 B 9;
1 Bound 26500 -20000 29500 -10000;
9 jj;
C 0 T 27000 -20000;
(SymbolCall jj);
5 3 area=B10;
5 10 88 2 43000 -12000 B10_2;
5 10 31 1 44000 -20000 B10-;
5 10 29 0 44000 -10000 B10+;
5 1 jjmit;
5 11 B 10;
1 Bound 42500 -20000 45500 -10000;
9 jj;
C 0 T 43000 -20000;
(SymbolCall jj);
5 3 area=B11;
5 10 89 2 59000 -12000 B11_2;
5 10 32 1 60000 -20000 B11-;
5 10 30 0 60000 -10000 B11+;
5 11 B 11;
5 1 jjmit;
1 Bound 58500 -20000 61500 -10000;
9 jj;
C 0 T 59000 -20000;
(SymbolCall jj);
5 3 area=B12;
5 10 90 2 75000 -41000 B12_2;
5 10 60 1 76000 -49000 B12-;
5 10 33 0 76000 -39000 B12+;
5 1 jjmit;
5 11 B 12;
1 Bound 74500 -49000 77500 -39000;
9 jj;
C 0 T 75000 -49000;
(SymbolCall jj);
5 3 area=B13;
5 10 91 2 101000 -41000 B13_2;
5 10 62 1 102000 -49000 B13-;
5 10 34 0 102000 -39000 B13+;
5 11 B 13;
5 1 jjmit;
1 Bound 100500 -49000 103500 -39000;
9 jj;
C 0 T 101000 -49000;
(SymbolCall jj);
5 3 area=B14;
5 10 92 2 -91000 -42000 B14_2;
5 10 64 1 -90000 -50000 B14-;
5 10 35 0 -90000 -40000 B14+;
5 1 jjmit;
5 11 B 14;
1 Bound -91500 -50000 -88500 -40000;
9 jj;
C 0 T -91000 -50000;
(SymbolCall jj);
5 3 area=B15;
5 10 93 2 -65000 -42000 B15_2;
5 10 66 1 -64000 -50000 B15-;
5 10 36 0 -64000 -40000 B15+;
5 11 B 15;
5 1 jjmit;
1 Bound -65500 -50000 -62500 -40000;
9 jj;
C 0 T -65000 -50000;
(SymbolCall jj);
5 3 area=B16;
5 10 94 2 -39000 -42000 B16_2;
5 10 68 1 -38000 -50000 B16-;
5 10 37 0 -38000 -40000 B16+;
5 11 B 16;
5 1 jjmit;
1 Bound -39500 -50000 -36500 -40000;
9 jj;
C 0 T -39000 -50000;
(SymbolCall jj);
5 3 area=B17;
5 10 95 2 51000 -52000 B17_2;
5 10 40 1 50000 -60000 B17-;
5 10 39 0 50000 -50000 B17+;
5 1 jjmit;
5 11 B 17;
1 Bound 48500 -60000 51500 -50000;
( Rotate 180 );
9 jj;
C 0 MY R -1 0 T 51000 -60000;
(SymbolCall jj);
5 3 area=B18;
5 10 96 2 67000 -52000 B18_2;
5 10 41 1 66000 -60000 B18-;
5 10 32 0 66000 -50000 B18+;
5 1 jjmit;
5 11 B 18;
1 Bound 64500 -60000 67500 -50000;
( Rotate 180 );
9 jj;
C 0 MY R -1 0 T 67000 -60000;
(SymbolCall jj);
5 3 area=B19;
5 10 97 2 -153000 -74000 B19_2;
5 10 72 1 -152000 -82000 B19-;
5 10 42 0 -152000 -72000 B19+;
5 11 B 19;
5 1 jjmit;
1 Bound -153500 -82000 -150500 -72000;
9 jj;
C 0 T -153000 -82000;
(SymbolCall jj);
5 3 area=B20;
5 10 98 2 -127000 -74000 B20_2;
5 10 74 1 -126000 -82000 B20-;
5 10 43 0 -126000 -72000 B20+;
5 1 jjmit;
5 11 B 20;
1 Bound -127500 -82000 -124500 -72000;
9 jj;
C 0 T -127000 -82000;
(SymbolCall jj);
5 3 area=B21;
5 10 99 2 -101000 -74000 B21_2;
5 10 76 1 -100000 -82000 B21-;
5 10 44 0 -100000 -72000 B21+;
5 1 jjmit;
5 11 B 21;
1 Bound -101500 -82000 -98500 -72000;
9 jj;
C 0 T -101000 -82000;
(SymbolCall res);
5 2 R0;
5 10 45 1 -136000 7000 R0-;
5 10 12 0 -136000 17000 R0+;
5 15 -137000 16000 0 -1 "<v>/<value>O";
5 11 R 0;
1 Bound -137250 7000 -135000 17000;
9 res;
C 0 T -136000 17000;
(SymbolCall res);
5 2 R1;
5 10 46 1 -110000 7000 R1-;
5 10 13 0 -110000 17000 R1+;
5 15 -111000 16000 0 -1 "<v>/<value>O";
5 11 R 1;
1 Bound -111250 7000 -109000 17000;
9 res;
C 0 T -110000 17000;
(SymbolCall res);
5 2 R2;
5 10 47 1 -70000 7000 R2-;
5 10 14 0 -70000 17000 R2+;
5 15 -71000 16000 0 -1 "<v>/<value>O";
5 11 R 2;
1 Bound -71250 7000 -69000 17000;
9 res;
C 0 T -70000 17000;
(SymbolCall res);
5 2 R3;
5 10 48 1 -45000 7000 R3-;
5 10 15 0 -45000 17000 R3+;
5 15 -46000 16000 0 -1 "<v>/<value>O";
5 11 R 3;
1 Bound -46250 7000 -44000 17000;
9 res;
C 0 T -45000 17000;
(SymbolCall res);
5 2 R4;
5 10 49 1 -3000 7000 R4-;
5 10 16 0 -3000 17000 R4+;
5 15 -4000 16000 0 -1 "<v>/<value>O";
5 11 R 4;
1 Bound -4250 7000 -2000 17000;
9 res;
C 0 T -3000 17000;
(SymbolCall res);
5 2 R5;
5 10 50 1 23000 7000 R5-;
5 10 17 0 23000 17000 R5+;
5 15 22000 16000 0 -1 "<v>/<value>O";
5 11 R 5;
1 Bound 21750 7000 24000 17000;
9 res;
C 0 T 23000 17000;
(SymbolCall res);
5 2 R6;
5 10 51 1 91000 7000 R6-;
5 10 18 0 91000 17000 R6+;
5 15 90000 16000 0 -1 "<v>/<value>O";
5 11 R 6;
1 Bound 89750 7000 92000 17000;
9 res;
C 0 T 91000 17000;
(SymbolCall res);
5 2 R7;
5 10 53 1 -18000 -20000 R7-;
5 10 26 0 -18000 -10000 R7+;
5 15 -19000 -11000 0 -1 "<v>/<value>O";
5 11 R 7;
1 Bound -19250 -20000 -17000 -10000;
9 res;
C 0 T -18000 -10000;
(SymbolCall res);
5 2 R8;
5 10 55 1 8000 -20000 R8-;
5 10 27 0 8000 -10000 R8+;
5 15 7000 -11000 0 -1 "<v>/<value>O";
5 11 R 8;
1 Bound 6750 -20000 9000 -10000;
9 res;
C 0 T 8000 -10000;
(SymbolCall res);
5 2 R9;
5 10 57 1 34000 -20000 R9-;
5 10 28 0 34000 -10000 R9+;
5 15 33000 -11000 0 -1 "<v>/<value>O";
5 11 R 9;
1 Bound 32750 -20000 35000 -10000;
9 res;
C 0 T 34000 -10000;
(SymbolCall res);
5 2 R10;
5 10 58 1 50000 -20000 R10-;
5 10 29 0 50000 -10000 R10+;
5 15 49000 -11000 0 -1 "<v>/<value>O";
5 11 R 10;
1 Bound 48750 -20000 51000 -10000;
9 res;
C 0 T 50000 -10000;
(SymbolCall res);
5 2 R11;
5 10 59 1 66000 -20000 R11-;
5 10 30 0 66000 -10000 R11+;
5 15 65000 -11000 0 -1 "<v>/<value>O";
5 11 R 11;
1 Bound 64750 -20000 67000 -10000;
9 res;
C 0 T 66000 -10000;
(SymbolCall res);
5 2 R12;
5 10 61 1 82000 -49000 R12-;
5 10 33 0 82000 -39000 R12+;
5 15 81000 -40000 0 -1 "<v>/<value>O";
5 11 R 12;
1 Bound 80750 -49000 83000 -39000;
9 res;
C 0 T 82000 -39000;
(SymbolCall res);
5 2 R13;
5 10 63 1 108000 -49000 R13-;
5 10 34 0 108000 -39000 R13+;
5 15 107000 -40000 0 -1 "<v>/<value>O";
5 11 R 13;
1 Bound 106750 -49000 109000 -39000;
9 res;
C 0 T 108000 -39000;
(SymbolCall res);
5 2 R14;
5 10 65 1 -84000 -50000 R14-;
5 10 35 0 -84000 -40000 R14+;
5 15 -85000 -41000 0 -1 "<v>/<value>O";
5 11 R 14;
1 Bound -85250 -50000 -83000 -40000;
9 res;
C 0 T -84000 -40000;
(SymbolCall res);
5 2 R15;
5 10 67 1 -58000 -50000 R15-;
5 10 36 0 -58000 -40000 R15+;
5 15 -59000 -41000 0 -1 "<v>/<value>O";
5 11 R 15;
1 Bound -59250 -50000 -57000 -40000;
9 res;
C 0 T -58000 -40000;
(SymbolCall res);
5 2 R16;
5 10 69 1 -32000 -50000 R16-;
5 10 37 0 -32000 -40000 R16+;
5 15 -33000 -41000 0 -1 "<v>/<value>O";
5 11 R 16;
1 Bound -33250 -50000 -31000 -40000;
9 res;
C 0 T -32000 -40000;
(SymbolCall res);
5 2 R17;
5 10 70 1 44000 -60000 R17-;
5 10 39 0 44000 -50000 R17+;
5 15 45000 -51000 0 -1 "<v>/<value>O";
5 11 R 17;
1 Bound 43000 -60000 45250 -50000;
( Rotate 180 );
9 res;
C 0 MY R -1 0 T 44000 -50000;
(SymbolCall res);
5 2 R18;
5 10 71 1 60000 -60000 R18-;
5 10 32 0 60000 -50000 R18+;
5 15 61000 -51000 0 -1 "<v>/<value>O";
5 11 R 18;
1 Bound 59000 -60000 61250 -50000;
( Rotate 180 );
9 res;
C 0 MY R -1 0 T 60000 -50000;
(SymbolCall res);
5 2 R19;
5 10 73 1 -146000 -82000 R19-;
5 10 42 0 -146000 -72000 R19+;
5 15 -147000 -73000 0 -1 "<v>/<value>O";
5 11 R 19;
1 Bound -147250 -82000 -145000 -72000;
9 res;
C 0 T -146000 -72000;
(SymbolCall res);
5 2 R20;
5 10 75 1 -120000 -82000 R20-;
5 10 43 0 -120000 -72000 R20+;
5 15 -121000 -73000 0 -1 "<v>/<value>O";
5 11 R 20;
1 Bound -121250 -82000 -119000 -72000;
9 res;
C 0 T -120000 -72000;
(SymbolCall res);
5 2 R21;
5 10 77 1 -94000 -82000 R21-;
5 10 44 0 -94000 -72000 R21+;
5 15 -95000 -73000 0 -1 "<v>/<value>O";
5 11 R 21;
1 Bound -95250 -82000 -93000 -72000;
9 res;
C 0 T -94000 -72000;
L SCED;
5 10 12;
W2 0 -142000 17000 -136000 17000;
5 10 13;
W2 0 -116000 17000 -110000 17000;
5 10 14;
W2 0 -76000 17000 -70000 17000;
5 10 15;
W2 0 -45000 17000 -51000 17000;
5 10 16;
W2 0 -3000 17000 -9000 17000;
5 10 17;
W2 0 23000 17000 17000 17000;
5 10 18;
W2 0 91000 17000 85000 17000;
5 10 19;
W2 0 -142000 7000 -142000 -3000 -136000 -3000 -136000 -72000;
5 10 20;
W2 0 -116000 7000 -116000 -3000 -110000 -3000 -110000 -72000;
5 10 21;
W2 0 -76000 7000 -76000 -3000 -74000 -3000 -70000 -3000;
5 10 22;
W2 0 -51000 7000 -51000 -3000 -48000 -3000 -45000 -3000;
5 10 23;
W2 0 -9000 7000 -9000 -3000 -8000 -3000 -3000 -3000;
5 10 24;
W2 0 17000 7000 17000 -3000 18000 -3000 23000 -3000;
5 10 25;
W2 0 92000 -39000 92000 -3000 91000 -3000 85000 -3000 85000 7000;
5 10 21;
W2 0 -74000 -40000 -74000 -3000;
5 10 22;
W2 0 -48000 -40000 -48000 -3000;
5 10 23;
W2 0 -8000 -10000 -8000 -3000;
5 10 24;
W2 0 18000 -10000 18000 -3000;
5 10 1;
W2 0 -34000 -10000 -189000 -10000;
5 10 26;
W2 0 -24000 -10000 -18000 -10000;
5 10 27;
W2 0 2000 -10000 8000 -10000;
5 10 28;
W2 0 28000 -10000 34000 -10000;
5 10 29;
W2 0 44000 -10000 50000 -10000;
5 10 30;
W2 0 60000 -10000 66000 -10000;
5 10 31;
W2 0 44000 -20000 44000 -30000 50000 -30000;
5 10 32;
W2 0 60000 -20000 60000 -30000 66000 -30000 66000 -39000 66000 -50000
  60000 -50000;
5 10 33;
W2 0 76000 -39000 82000 -39000;
5 10 34;
W2 0 102000 -39000 108000 -39000;
5 10 3;
W2 0 -100000 -40000 -189000 -40000;
5 10 35;
W2 0 -90000 -40000 -84000 -40000;
5 10 36;
W2 0 -64000 -40000 -58000 -40000;
5 10 37;
W2 0 -38000 -40000 -32000 -40000;
5 10 38;
W2 0 44000 -40000 -22000 -40000;
5 10 39;
W2 0 50000 -50000 44000 -50000;
5 10 40;
W2 0 50000 -60000 50000 -70000 44000 -70000 -84000 -70000 -84000 -72000;
5 10 41;
W2 0 66000 -60000 66000 -70000 60000 -70000;
5 10 2;
W2 0 -162000 -72000 -189000 -72000;
5 10 42;
W2 0 -152000 -72000 -146000 -72000;
5 10 43;
W2 0 -126000 -72000 -120000 -72000;
5 10 44;
W2 0 -100000 -72000 -94000 -72000;
L NAME;
5 16 L 0 11;
94 <<L0>> -142250 25750 320 1275 1000;
5 16 L 1 11;
94 <<L1>> -116250 25750 320 1050 1000;
5 16 L 2 11;
94 <<L2>> -76250 25750 320 1275 1000;
5 16 L 3 11;
94 <<L3>> -51250 25750 320 1275 1000;
5 16 L 4 11;
94 <<L4>> -9250 25750 320 1275 1000;
5 16 L 5 11;
94 <<L5>> 16750 25750 320 1275 1000;
5 16 L 6 11;
94 <<L6>> 84750 25750 320 1275 1000;
5 16 B 0 11;
94 <<B0>> -143750 15750 320 1275 1000;
5 16 R 0 11;
94 <<R0>> -137500 15750 320 1275 1000;
5 16 B 1 11;
94 <<B1>> -117750 15750 320 1050 1000;
5 16 R 1 11;
94 <<R1>> -111500 15750 320 1050 1000;
5 16 B 2 11;
94 <<B2>> -77750 15750 320 1275 1000;
5 16 R 2 11;
94 <<R2>> -71500 15750 320 1275 1000;
5 16 B 3 11;
94 <<B3>> -52750 15750 320 1275 1000;
5 16 R 3 11;
94 <<R3>> -46500 15750 320 1275 1000;
5 16 B 4 11;
94 <<B4>> -10750 15750 320 1275 1000;
5 16 R 4 11;
94 <<R4>> -4500 15750 320 1275 1000;
5 16 B 5 11;
94 <<B5>> 15250 15750 320 1275 1000;
5 16 R 5 11;
94 <<R5>> 21500 15750 320 1275 1000;
5 16 B 6 11;
94 <<B6>> 83250 15750 320 1275 1000;
5 16 R 6 11;
94 <<R6>> 89500 15750 320 1275 1000;
5 16 L 7 11;
94 <<L7>> -136250 5750 320 1275 1000;
5 16 L 8 11;
94 <<L8>> -110250 5750 320 1275 1000;
5 16 L 9 11;
94 <<L9>> -70250 5750 320 1275 1000;
5 16 L 10 11;
94 <<L10>> -45250 5750 320 1650 1000;
5 16 L 11 11;
94 <<L11>> -3250 5750 320 1425 1000;
5 16 L 12 11;
94 <<L12>> 22750 5750 320 1650 1000;
5 16 L 13 11;
94 <<L13>> 90750 5750 320 1650 1000;
5 16 L 14 11;
94 <<L14>> -33750 -8250 0 1650 1000;
5 16 L 15 11;
94 <<L15>> -17750 -8250 0 1650 1000;
5 16 L 16 11;
94 <<L16>> -7750 -8250 0 1650 1000;
5 16 L 17 11;
94 <<L17>> 8250 -8250 0 1650 1000;
5 16 L 18 11;
94 <<L18>> 18250 -8250 0 1650 1000;
5 16 L 19 11;
94 <<L19>> 34250 -8250 0 1650 1000;
5 16 L 20 11;
94 <<L20>> 50250 -8250 0 1875 1000;
5 16 B 7 11;
94 <<B7>> -25750 -11250 320 1275 1000;
5 16 R 7 11;
94 <<R7>> -19500 -11250 320 1275 1000;
5 16 B 8 11;
94 <<B8>> 250 -11250 320 1275 1000;
5 16 R 8 11;
94 <<R8>> 6500 -11250 320 1275 1000;
5 16 B 9 11;
94 <<B9>> 26250 -11250 320 1275 1000;
5 16 R 9 11;
94 <<R9>> 32500 -11250 320 1275 1000;
5 16 B 10 11;
94 <<B10>> 42250 -11250 320 1650 1000;
5 16 R 10 11;
94 <<R10>> 48500 -11250 320 1650 1000;
5 16 B 11 11;
94 <<B11>> 58250 -11250 320 1425 1000;
5 16 R 11 11;
94 <<R11>> 64500 -11250 320 1425 1000;
5 16 L 21 11;
94 <<L21>> -24250 -21250 320 1650 1000;
5 16 L 22 11;
94 <<L22>> -18250 -21250 320 1875 1000;
5 16 L 23 11;
94 <<L23>> 1750 -21250 320 1875 1000;
5 16 L 24 11;
94 <<L24>> 7750 -21250 320 1875 1000;
5 16 L 25 11;
94 <<L25>> 27750 -21250 320 1875 1000;
5 16 L 26 11;
94 <<L26>> 33750 -21250 320 1875 1000;
5 16 L 27 11;
94 <<L27>> 49750 -21250 320 1875 1000;
5 16 L 28 11;
94 <<L28>> 65750 -21250 320 1875 1000;
5 16 L 29 11;
94 <<L29>> 43750 -31250 320 1875 1000;
5 16 L 30 11;
94 <<L30>> 66250 -37250 0 1875 1000;
5 16 L 31 11;
94 <<L31>> 82250 -37250 0 1650 1000;
5 16 L 32 11;
94 <<L32>> 92250 -37250 0 1875 1000;
5 16 L 33 11;
94 <<L33>> 108250 -37250 0 1875 1000;
5 16 L 34 11;
94 <<L34>> -99750 -38250 0 1875 1000;
5 16 L 35 11;
94 <<L35>> -83750 -38250 0 1875 1000;
5 16 L 36 11;
94 <<L36>> -73750 -38250 0 1875 1000;
5 16 L 37 11;
94 <<L37>> -57750 -38250 0 1875 1000;
5 16 L 38 11;
94 <<L38>> -47750 -38250 0 1875 1000;
5 16 L 39 11;
94 <<L39>> -31750 -38250 0 1875 1000;
5 16 B 12 11;
94 <<B12>> 74250 -40250 320 1650 1000;
5 16 R 12 11;
94 <<R12>> 80500 -40250 320 1650 1000;
5 16 B 13 11;
94 <<B13>> 100250 -40250 320 1650 1000;
5 16 R 13 11;
94 <<R13>> 106500 -40250 320 1650 1000;
5 16 B 14 11;
94 <<B14>> -91750 -41250 320 1650 1000;
5 16 R 14 11;
94 <<R14>> -85500 -41250 320 1650 1000;
5 16 B 15 11;
94 <<B15>> -65750 -41250 320 1650 1000;
5 16 R 15 11;
94 <<R15>> -59500 -41250 320 1650 1000;
5 16 B 16 11;
94 <<B16>> -39750 -41250 320 1650 1000;
5 16 R 16 11;
94 <<R16>> -33500 -41250 320 1650 1000;
5 16 L 40 11;
94 <<L40>> 43750 -41250 320 1875 1000;
5 16 L 41 11;
94 <<L41>> 75750 -50250 320 1650 1000;
5 16 L 42 11;
94 <<L42>> 81750 -50250 320 1875 1000;
5 16 L 43 11;
94 <<L43>> 101750 -50250 320 1875 1000;
5 16 L 44 11;
94 <<L44>> 107750 -50250 320 1875 1000;
5 16 L 45 11;
94 <<L45>> -90250 -51250 320 1875 1000;
5 16 L 46 11;
94 <<L46>> -84250 -51250 320 1875 1000;
5 16 L 47 11;
94 <<L47>> -64250 -51250 320 1875 1000;
5 16 L 48 11;
94 <<L48>> -58250 -51250 320 1875 1000;
5 16 L 49 11;
94 <<L49>> -38250 -51250 320 1875 1000;
5 16 L 50 11;
94 <<L50>> -32250 -51250 320 1875 1000;
5 16 R 17 11;
94 <<R17>> 42750 -51250 320 1650 1000;
5 16 B 17 11;
94 <<B17>> 48250 -51250 320 1650 1000;
5 16 R 18 11;
94 <<R18>> 58750 -51250 320 1650 1000;
5 16 B 18 11;
94 <<B18>> 64250 -51250 320 1650 1000;
5 16 L 51 11;
94 <<L51>> 42250 -61250 320 1650 1000;
5 16 L 52 11;
94 <<L52>> 58250 -61250 320 1875 1000;
5 16 L 53 11;
94 <<L53>> 50250 -68250 0 1875 1000;
5 16 L 54 11;
94 <<L54>> -161750 -70250 0 1875 1000;
5 16 L 55 11;
94 <<L55>> -145750 -70250 0 1875 1000;
5 16 L 56 11;
94 <<L56>> -135750 -70250 0 1875 1000;
5 16 L 57 11;
94 <<L57>> -119750 -70250 0 1875 1000;
5 16 L 58 11;
94 <<L58>> -109750 -70250 0 1875 1000;
5 16 L 59 11;
94 <<L59>> -93750 -70250 0 1875 1000;
5 16 B 19 11;
94 <<B19>> -153750 -73250 320 1650 1000;
5 16 R 19 11;
94 <<R19>> -147500 -73250 320 1650 1000;
5 16 B 20 11;
94 <<B20>> -127750 -73250 320 1875 1000;
5 16 R 20 11;
94 <<R20>> -121500 -73250 320 1875 1000;
5 16 B 21 11;
94 <<B21>> -101750 -73250 320 1650 1000;
5 16 R 21 11;
94 <<R21>> -95500 -73250 320 1650 1000;
5 16 L 60 11;
94 <<L60>> -152250 -83250 320 1875 1000;
5 16 L 61 11;
94 <<L61>> -146250 -83250 320 1650 1000;
5 16 L 62 11;
94 <<L62>> -126250 -83250 320 1875 1000;
5 16 L 63 11;
94 <<L63>> -120250 -83250 320 1875 1000;
5 16 L 64 11;
94 <<L64>> -100250 -83250 320 1875 1000;
5 16 L 65 11;
94 <<L65>> -94250 -83250 320 1875 1000;
L MODL;
5 16 B 0 1;
94 <<jjmit>> -140250 16750 256 2550 1000;
5 16 B 1 1;
94 <<jjmit>> -114250 16750 256 2550 1000;
5 16 B 2 1;
94 <<jjmit>> -74250 16750 256 2550 1000;
5 16 B 3 1;
94 <<jjmit>> -49250 16750 256 2550 1000;
5 16 B 4 1;
94 <<jjmit>> -7250 16750 256 2550 1000;
5 16 B 5 1;
94 <<jjmit>> 18750 16750 256 2550 1000;
5 16 B 6 1;
94 <<jjmit>> 86750 16750 256 2550 1000;
5 16 B 7 1;
94 <<jjmit>> -22250 -10250 256 2550 1000;
5 16 B 8 1;
94 <<jjmit>> 3750 -10250 256 2550 1000;
5 16 B 9 1;
94 <<jjmit>> 29750 -10250 256 2550 1000;
5 16 B 10 1;
94 <<jjmit>> 45750 -10250 256 2550 1000;
5 16 B 11 1;
94 <<jjmit>> 61750 -10250 256 2550 1000;
5 16 B 12 1;
94 <<jjmit>> 77750 -39250 256 2550 1000;
5 16 B 13 1;
94 <<jjmit>> 103750 -39250 256 2550 1000;
5 16 B 14 1;
94 <<jjmit>> -88250 -40250 256 2550 1000;
5 16 B 15 1;
94 <<jjmit>> -62250 -40250 256 2550 1000;
5 16 B 16 1;
94 <<jjmit>> -36250 -40250 256 2550 1000;
5 16 B 17 1;
94 <<jjmit>> 51750 -50250 256 2550 1000;
5 16 B 18 1;
94 <<jjmit>> 67750 -50250 256 2550 1000;
5 16 B 19 1;
94 <<jjmit>> -150250 -72250 256 2550 1000;
5 16 B 20 1;
94 <<jjmit>> -124250 -72250 256 2550 1000;
5 16 B 21 1;
94 <<jjmit>> -98250 -72250 256 2550 1000;
L VALU;
5 16 L 0 2;
94 <<400p>> -140250 26750 33024 2475 1000;
5 16 L 1 2;
94 <<400p>> -114250 26750 33024 2475 1000;
5 16 L 2 2;
94 <<400p>> -74250 26750 33024 2475 1000;
5 16 L 3 2;
94 <<400p>> -49250 26750 33024 2475 1000;
5 16 L 4 2;
94 <<400p>> -7250 26750 33024 2475 1000;
5 16 L 5 2;
94 <<400p>> 18750 26750 33024 2475 1000;
5 16 L 6 2;
94 <<400p>> 86750 26750 33024 2475 1000;
5 16 R 0 2;
94 <<R0>> -134750 16750 33024 1275 1000;
5 16 R 1 2;
94 <<R1>> -108750 16750 33024 1050 1000;
5 16 R 2 2;
94 <<R2>> -68750 16750 33024 1275 1000;
5 16 R 3 2;
94 <<R3>> -43750 16750 33024 1275 1000;
5 16 R 4 2;
94 <<R4>> -1750 16750 33024 1275 1000;
5 16 R 5 2;
94 <<R5>> 24250 16750 33024 1275 1000;
5 16 R 6 2;
94 <<R6>> 92250 16750 33024 1275 1000;
5 16 L 7 2;
94 <<1p>> -134250 6750 33024 1050 1000;
5 16 L 8 2;
94 <<1p>> -108250 6750 33024 1050 1000;
5 16 L 9 2;
94 <<1p>> -68250 6750 33024 1050 1000;
5 16 L 10 2;
94 <<1p>> -43250 6750 33024 1050 1000;
5 16 L 11 2;
94 <<1p>> -1250 6750 33024 1050 1000;
5 16 L 12 2;
94 <<1p>> 24750 6750 33024 1050 1000;
5 16 L 13 2;
94 <<1p>> 92750 6750 33024 1050 1000;
5 16 L 14 2;
94 <<2p>> -24250 -10250 33088 1275 1000;
5 16 R 7 2;
94 <<R7>> -16750 -10250 33024 1275 1000;
5 16 L 15 2;
94 <<2.5375p>> -8250 -10250 33088 3900 1000;
5 16 L 16 2;
94 <<2.5375p>> 1750 -10250 33088 3900 1000;
5 16 R 8 2;
94 <<R8>> 9250 -10250 33024 1275 1000;
5 16 L 17 2;
94 <<2.054p>> 17750 -10250 33088 3300 1000;
5 16 L 18 2;
94 <<9.521p>> 27750 -10250 33088 3075 1000;
5 16 R 9 2;
94 <<R9>> 35250 -10250 33024 1275 1000;
5 16 L 19 2;
94 <<0.148p>> 43750 -10250 33088 3075 1000;
5 16 R 10 2;
94 <<R10>> 51250 -10250 33024 1650 1000;
5 16 L 20 2;
94 <<2.844p>> 59750 -10250 33088 3300 1000;
5 16 R 11 2;
94 <<R11>> 67250 -10250 33024 1425 1000;
5 16 L 21 2;
94 <<0.2p>> -22250 -20250 33024 2100 1000;
5 16 L 22 2;
94 <<1p>> -16250 -20250 33024 1050 1000;
5 16 L 23 2;
94 <<0.2p>> 3750 -20250 33024 2100 1000;
5 16 L 24 2;
94 <<1p>> 9750 -20250 33024 1050 1000;
5 16 L 25 2;
94 <<0.2p>> 29750 -20250 33024 2100 1000;
5 16 L 26 2;
94 <<1p>> 35750 -20250 33024 1050 1000;
5 16 L 27 2;
94 <<1p>> 51750 -20250 33024 1050 1000;
5 16 L 28 2;
94 <<1p>> 67750 -20250 33024 1050 1000;
5 16 L 29 2;
94 <<2.132p>> 45750 -30250 33024 3075 1000;
5 16 L 30 2;
94 <<0.499p>> 75750 -39250 33088 3300 1000;
5 16 R 12 2;
94 <<R12>> 83250 -39250 33024 1650 1000;
5 16 L 31 2;
94 <<0.039p>> 91750 -39250 33088 3300 1000;
5 16 L 32 2;
94 <<2.6p>> 101750 -39250 33088 2100 1000;
5 16 R 13 2;
94 <<R13>> 109250 -39250 33024 1650 1000;
5 16 L 33 2;
94 <<2.47p>> 117750 -39250 33088 2700 1000;
5 16 L 34 2;
94 <<2p>> -90250 -40250 33088 1275 1000;
5 16 R 14 2;
94 <<R14>> -82750 -40250 33024 1650 1000;
5 16 L 35 2;
94 <<2.511p>> -74250 -40250 33088 2850 1000;
5 16 L 36 2;
94 <<2.511p>> -64250 -40250 33088 2850 1000;
5 16 R 15 2;
94 <<R15>> -56750 -40250 33024 1650 1000;
5 16 L 37 2;
94 <<0.239p>> -48250 -40250 33088 3300 1000;
5 16 L 38 2;
94 <<1.924p>> -38250 -40250 33088 3075 1000;
5 16 R 16 2;
94 <<R16>> -30750 -40250 33024 1650 1000;
5 16 L 39 2;
94 <<0.01p>> -22250 -40250 33088 2475 1000;
5 16 L 40 2;
94 <<2.171p>> 45750 -40250 33024 2850 1000;
5 16 L 41 2;
94 <<0.2p>> 77750 -49250 33024 2100 1000;
5 16 L 42 2;
94 <<1p>> 83750 -49250 33024 1050 1000;
5 16 L 43 2;
94 <<0.2p>> 103750 -49250 33024 2100 1000;
5 16 L 44 2;
94 <<1p>> 109750 -49250 33024 1050 1000;
5 16 L 45 2;
94 <<0.2p>> -88250 -50250 33024 2100 1000;
5 16 L 46 2;
94 <<1p>> -82250 -50250 33024 1050 1000;
5 16 L 47 2;
94 <<0.2p>> -62250 -50250 33024 2100 1000;
5 16 L 48 2;
94 <<1p>> -56250 -50250 33024 1050 1000;
5 16 L 49 2;
94 <<0.2p>> -36250 -50250 33024 2100 1000;
5 16 L 50 2;
94 <<1p>> -30250 -50250 33024 1050 1000;
5 16 R 17 2;
94 <<R17>> 45500 -50250 33024 1650 1000;
5 16 R 18 2;
94 <<R18>> 61500 -50250 33024 1650 1000;
5 16 L 51 2;
94 <<1p>> 44250 -60250 33024 1050 1000;
5 16 L 52 2;
94 <<1p>> 60250 -60250 33024 1050 1000;
5 16 L 53 2;
94 <<2.904p>> 59750 -70250 33088 3300 1000;
5 16 L 54 2;
94 <<2p>> -152250 -72250 33088 1275 1000;
5 16 R 19 2;
94 <<R19>> -144750 -72250 33024 1650 1000;
5 16 L 55 2;
94 <<2.4p>> -136250 -72250 33088 2100 1000;
5 16 L 56 2;
94 <<2.4p>> -126250 -72250 33088 2100 1000;
5 16 R 20 2;
94 <<R20>> -118750 -72250 33024 1875 1000;
5 16 L 57 2;
94 <<2.057p>> -110250 -72250 33088 3300 1000;
5 16 L 58 2;
94 <<9.521p>> -100250 -72250 33088 3075 1000;
5 16 R 21 2;
94 <<R21>> -92750 -72250 33024 1650 1000;
5 16 L 59 2;
94 <<0.179p>> -84250 -72250 33088 3075 1000;
5 16 L 60 2;
94 <<0.2p>> -150250 -82250 33024 2100 1000;
5 16 L 61 2;
94 <<1p>> -144250 -82250 33024 1050 1000;
5 16 L 62 2;
94 <<0.2p>> -124250 -82250 33024 2100 1000;
5 16 L 63 2;
94 <<1p>> -118250 -82250 33024 1050 1000;
5 16 L 64 2;
94 <<0.2p>> -98250 -82250 33024 2100 1000;
5 16 L 65 2;
94 <<1p>> -92250 -82250 33024 1050 1000;
L PARM;
5 16 B 0 3;
94 <<area=B0>> -140250 7250 32768 4200 1000;
5 16 B 1 3;
94 <<area=B1>> -114250 7250 32768 3975 1000;
5 16 B 2 3;
94 <<area=B2>> -74250 7250 32768 4200 1000;
5 16 B 3 3;
94 <<area=B3>> -49250 7250 32768 4200 1000;
5 16 B 4 3;
94 <<area=B4>> -7250 7250 32768 4200 1000;
5 16 B 5 3;
94 <<area=B5>> 18750 7250 32768 4200 1000;
5 16 B 6 3;
94 <<area=B6>> 86750 7250 32768 4200 1000;
5 16 B 7 3;
94 <<area=B7>> -22250 -19750 32768 4200 1000;
5 16 B 8 3;
94 <<area=B8>> 3750 -19750 32768 4200 1000;
5 16 B 9 3;
94 <<area=B9>> 29750 -19750 32768 4200 1000;
5 16 B 10 3;
94 <<area=B10>> 45750 -19750 32768 4575 1000;
5 16 B 11 3;
94 <<area=B11>> 61750 -19750 32768 4350 1000;
5 16 B 18 3;
94 <<area=B18>> 66750 -47750 32768 4575 1000;
5 16 B 12 3;
94 <<area=B12>> 77750 -48750 32768 4575 1000;
5 16 B 13 3;
94 <<area=B13>> 103750 -48750 32768 4575 1000;
5 16 B 14 3;
94 <<area=B14>> -88250 -49750 32768 4575 1000;
5 16 B 15 3;
94 <<area=B15>> -62250 -49750 32768 4575 1000;
5 16 B 16 3;
94 <<area=B16>> -36250 -49750 32768 4575 1000;
5 16 B 17 3;
94 <<area=B17>> 51750 -59750 32768 4575 1000;
5 16 B 19 3;
94 <<area=B19>> -150250 -81750 32768 4575 1000;
5 16 B 20 3;
94 <<area=B20>> -124250 -81750 32768 4800 1000;
5 16 B 21 3;
94 <<area=B21>> -98250 -81750 32768 4575 1000;
L SPTX;
94 <<.include ERSFQ_AND2_models.inc>> -189000 35000 0 16125 1000;
94 <<.param Bc0=1>> -189000 34000 0 6600 1000;
94 <<.param Ic0=0.0001>> -189000 33000 0 8925 1000;
94 <<.param IcRs=100u*6.859904418>> -189000 32000 0 15300 1000;
94 <<.param B0Rs=IcRs/Ic0*Bc0>> -189000 31000 0 13425 1000;
94 <<.param B0=2.3, B1=1.2, B2=2.2, B3=1.2, B4=2.3, B5=1.2, B6=0.7, B7=2.175, B8=1.755, B9=1.21, B10=1.05>> -189000 30000 0 49500 1000;
94 <<.param B11=1.5, B12=1.5, B13=2.25, B14=2.175, B15=1.265, B16=1.38, B17=1.05, B18=1.5, B19=2.175, B20=1.755, B21=1.21>> -189000 29000 0 56400 1000;
94 <<.param R0=B0Rs/B0, R1=B0Rs/B1, R2=B0Rs/B2, R3=B0Rs/B3, R4=B0Rs/B4, R5=B0Rs/B5, R6=B0Rs/B6, R7=B0Rs/B7, R8=B0Rs/B8, R9=B0Rs/B9, R10=B0Rs/B10>> -189000 28000 0 78375 1000;
94 <<.param R11=B0Rs/B11, R12=B0Rs/B12, R13=B0Rs/B13, R14=B0Rs/B14, R15=B0Rs/B15, R16=B0Rs/B16, R17=B0Rs/B17, R18=B0Rs/B18, R19=B0Rs/B19, R20=B0Rs/B20, R21=B0Rs/B21>> -189000 27000 0 86325 1000;
DF;
E
* Generated by Xic from cell ERSFQ_AND2
.tran 0.5p 1000p 0 0.25p UIC
.include ERSFQ_AND2_models.inc
.param Bc0=1
.param Ic0=0.0001
.param IcRs=100u*6.859904418
.param B0Rs=IcRs/Ic0*Bc0
.param B0=2.3, B1=1.2, B2=2.2, B3=1.2, B4=2.3, B5=1.2, B6=0.7, B7=2.175, B8=1.755, B9=1.21, B10=1.05
.param B11=1.5, B12=1.5, B13=2.25, B14=2.175, B15=1.265, B16=1.38, B17=1.05, B18=1.5, B19=2.175, B20=1.755, B21=1.21
.param R0=B0Rs/B0, R1=B0Rs/B1, R2=B0Rs/B2, R3=B0Rs/B3, R4=B0Rs/B4, R5=B0Rs/B5, R6=B0Rs/B6, R7=B0Rs/B7, R8=B0Rs/B8, R9=B0Rs/B9, R10=B0Rs/B10
.param R11=B0Rs/B11, R12=B0Rs/B12, R13=B0Rs/B13, R14=B0Rs/B14, R15=B0Rs/B15, R16=B0Rs/B16, R17=B0Rs/B17, R18=B0Rs/B18, R19=B0Rs/B19, R20=B0Rs/B20, R21=B0Rs/B21
B0 12 19 78 jjmit area=B0
B1 13 20 79 jjmit area=B1
B2 14 21 80 jjmit area=B2
B3 15 22 81 jjmit area=B3
B4 16 23 82 jjmit area=B4
B5 17 24 83 jjmit area=B5
B6 18 25 84 jjmit area=B6
B7 26 52 85 jjmit area=B7
B8 27 54 86 jjmit area=B8
B9 28 56 87 jjmit area=B9
B10 29 31 88 jjmit area=B10
B11 30 32 89 jjmit area=B11
B12 33 60 90 jjmit area=B12
B13 34 62 91 jjmit area=B13
B14 35 64 92 jjmit area=B14
B15 36 66 93 jjmit area=B15
B16 37 68 94 jjmit area=B16
B17 39 40 95 jjmit area=B17
B18 32 41 96 jjmit area=B18
B19 42 72 97 jjmit area=B19
B20 43 74 98 jjmit area=B20
B21 44 76 99 jjmit area=B21
L0 BIAS1 12 400p
L1 BIAS2 13 400p
L2 BIAS3 14 400p
L3 BIAS4 15 400p
L4 BIAS5 16 400p
L5 BIAS6 17 400p
L6 BIAS7 18 400p
L7 45 19 1p
L8 46 20 1p
L9 47 21 1p
L10 48 22 1p
L11 49 23 1p
L12 50 24 1p
L13 51 25 1p
L14 IN1 26 2p
L15 26 23 2.5375p
L16 23 27 2.5375p
L17 27 24 2.054p
L18 24 28 9.521p
L19 28 29 0.148p
L20 29 30 2.844p
L21 52 0 0.2p
L22 53 0 1p
L23 54 0 0.2p
L24 55 0 1p
L25 56 0 0.2p
L26 57 0 1p
L27 58 31 1p
L28 59 32 1p
L29 31 38 2.132p
L30 32 33 0.499p
L31 33 25 0.039p
L32 25 34 2.6p
L33 34 OUT 2.47p
L34 INCLK 35 2p
L35 35 21 2.511p
L36 21 36 2.511p
L37 36 22 0.239p
L38 22 37 1.924p
L39 37 38 0.01p
L40 38 39 2.171p
L41 60 0 0.2p
L42 61 0 1p
L43 62 0 0.2p
L44 63 0 1p
L45 64 0 0.2p
L46 65 0 1p
L47 66 0 0.2p
L48 67 0 1p
L49 68 0 0.2p
L50 69 0 1p
L51 70 40 1p
L52 71 41 1p
L53 40 41 2.904p
L54 IN2 42 2p
L55 42 19 2.4p
L56 19 43 2.4p
L57 43 20 2.057p
L58 20 44 9.521p
L59 44 40 0.179p
L60 72 0 0.2p
L61 73 0 1p
L62 74 0 0.2p
L63 75 0 1p
L64 76 0 0.2p
L65 77 0 1p
R0 12 45 R0
R1 13 46 R1
R2 14 47 R2
R3 15 48 R3
R4 16 49 R4
R5 17 50 R5
R6 18 51 R6
R7 26 53 R7
R8 27 55 R8
R9 28 57 R9
R10 29 58 R10
R11 30 59 R11
R12 33 61 R12
R13 34 63 R13
R14 35 65 R14
R15 36 67 R15
R16 37 69 R16
R17 39 70 R17
R18 32 71 R18
R19 42 73 R19
R20 43 75 R20
R21 44 77 R21
.model jjmit jj(rtype=1, vg=2.8mV, cap=0.07pF, r0=160, rn=16, icrit=0.1mA)

* YBCO
