(Symbol ERSFQ_OR2);
($Id:$);
(PHYSICAL);
(RESOLUTION 1000);
9 ERSFQ_OR2;
DS 0 1 1;
DF;
E
(ELECTRICAL);
(RESOLUTION 1000);
5 10 1 0 -48000 -25000 0x0 IN1;
5 10 2 1 -48000 9000 0x0 IN2;
5 10 3 2 -48000 42000 0x0 INCLK;
5 10 4 3 -48000 130000 0x0 IBIAS;
5 10 5 4 147000 -15000 0x0 OUT;
5 11 X 0 subckt;
9 ERSFQ_OR2;
DS 0 1 1;
(SymbolCall gnd);
5 10 0 0 -38000 150000;
1 Bound -39000 150000 -37000 152600;
( Rotate 180 );
9 gnd;
C 0 R -1 0 T -37000 151000;
(SymbolCall gnd);
5 10 0 0 -32000 150000;
1 Bound -33000 150000 -31000 152600;
( Rotate 180 );
9 gnd;
C 0 R -1 0 T -31000 151000;
(SymbolCall gnd);
5 10 0 0 -12000 150000;
1 Bound -13000 150000 -11000 152600;
( Rotate 180 );
9 gnd;
C 0 R -1 0 T -11000 151000;
(SymbolCall gnd);
5 10 0 0 -6000 150000;
1 Bound -7000 150000 -5000 152600;
( Rotate 180 );
9 gnd;
C 0 R -1 0 T -5000 151000;
(SymbolCall gnd);
5 10 0 0 4000 150000;
1 Bound 3000 150000 5000 152600;
( Rotate 180 );
9 gnd;
C 0 R -1 0 T 5000 151000;
(SymbolCall gnd);
5 10 0 0 10000 150000;
1 Bound 9000 150000 11000 152600;
( Rotate 180 );
9 gnd;
C 0 R -1 0 T 11000 151000;
(SymbolCall gnd);
5 10 0 0 30000 150000;
1 Bound 29000 150000 31000 152600;
( Rotate 180 );
9 gnd;
C 0 R -1 0 T 31000 151000;
(SymbolCall gnd);
5 10 0 0 36000 150000;
1 Bound 35000 150000 37000 152600;
( Rotate 180 );
9 gnd;
C 0 R -1 0 T 37000 151000;
(SymbolCall gnd);
5 10 0 0 46000 150000;
1 Bound 45000 150000 47000 152600;
( Rotate 180 );
9 gnd;
C 0 R -1 0 T 47000 151000;
(SymbolCall gnd);
5 10 0 0 52000 150000;
1 Bound 51000 150000 53000 152600;
( Rotate 180 );
9 gnd;
C 0 R -1 0 T 53000 151000;
(SymbolCall gnd);
5 10 0 0 72000 150000;
1 Bound 71000 150000 73000 152600;
( Rotate 180 );
9 gnd;
C 0 R -1 0 T 73000 151000;
(SymbolCall gnd);
5 10 0 0 78000 150000;
1 Bound 77000 150000 79000 152600;
( Rotate 180 );
9 gnd;
C 0 R -1 0 T 79000 151000;
(SymbolCall gnd);
5 10 0 0 88000 150000;
1 Bound 87000 150000 89000 152600;
( Rotate 180 );
9 gnd;
C 0 R -1 0 T 89000 151000;
(SymbolCall gnd);
5 10 0 0 94000 150000;
1 Bound 93000 150000 95000 152600;
( Rotate 180 );
9 gnd;
C 0 R -1 0 T 95000 151000;
(SymbolCall gnd);
5 10 0 0 114000 150000;
1 Bound 113000 150000 115000 152600;
( Rotate 180 );
9 gnd;
C 0 R -1 0 T 115000 151000;
(SymbolCall gnd);
5 10 0 0 120000 150000;
1 Bound 119000 150000 121000 152600;
( Rotate 180 );
9 gnd;
C 0 R -1 0 T 121000 151000;
(SymbolCall gnd);
5 10 0 0 -41000 90000;
1 Bound -42000 87400 -40000 90000;
9 gnd;
C 0 T -42000 89000;
(SymbolCall gnd);
5 10 0 0 36000 22000;
1 Bound 35000 19400 37000 22000;
9 gnd;
C 0 T 35000 21000;
(SymbolCall gnd);
5 10 0 0 42000 22000;
1 Bound 41000 19400 43000 22000;
9 gnd;
C 0 T 41000 21000;
(SymbolCall gnd);
5 10 0 0 -30000 -11000;
1 Bound -31000 -13600 -29000 -11000;
9 gnd;
C 0 T -31000 -12000;
(SymbolCall gnd);
5 10 0 0 -24000 -11000;
1 Bound -25000 -13600 -23000 -11000;
9 gnd;
C 0 T -25000 -12000;
(SymbolCall gnd);
5 10 0 0 46000 -35000;
1 Bound 45000 -37600 47000 -35000;
9 gnd;
C 0 T 45000 -36000;
(SymbolCall gnd);
5 10 0 0 52000 -35000;
1 Bound 51000 -37600 53000 -35000;
9 gnd;
C 0 T 51000 -36000;
(SymbolCall gnd);
5 10 0 0 82000 -35000;
1 Bound 81000 -37600 83000 -35000;
9 gnd;
C 0 T 81000 -36000;
(SymbolCall gnd);
5 10 0 0 88000 -35000;
1 Bound 87000 -37600 89000 -35000;
9 gnd;
C 0 T 87000 -36000;
(SymbolCall gnd);
5 10 0 0 108000 -35000;
1 Bound 107000 -37600 109000 -35000;
9 gnd;
C 0 T 107000 -36000;
(SymbolCall gnd);
5 10 0 0 114000 -35000;
1 Bound 113000 -37600 115000 -35000;
9 gnd;
C 0 T 113000 -36000;
(SymbolCall gnd);
5 10 0 0 -30000 -45000;
1 Bound -31000 -47600 -29000 -45000;
9 gnd;
C 0 T -31000 -46000;
(SymbolCall gnd);
5 10 0 0 -24000 -45000;
1 Bound -25000 -47600 -23000 -45000;
9 gnd;
C 0 T -25000 -46000;
(SymbolCall ind);
5 10 0 1 -38000 150000 L0-;
5 10 45 0 -38000 140000 L0+;
5 15 -39000 141000 0 1;
5 2 1p;
5 11 L 0;
1 Bound -39500 140000 -38000 150000;
( Rotate 180 );
9 ind;
C 0 R -1 0 T -37000 150000;
(SymbolCall ind);
5 10 0 1 -32000 150000 L1-;
5 10 46 0 -32000 140000 L1+;
5 15 -33000 141000 0 1;
5 2 0.2p;
5 11 L 1;
1 Bound -33500 140000 -32000 150000;
( Rotate 180 );
9 ind;
C 0 R -1 0 T -31000 150000;
(SymbolCall ind);
5 10 0 1 -12000 150000 L2-;
5 10 47 0 -12000 140000 L2+;
5 15 -13000 141000 0 1;
5 2 1p;
5 11 L 2;
1 Bound -13500 140000 -12000 150000;
( Rotate 180 );
9 ind;
C 0 R -1 0 T -11000 150000;
(SymbolCall ind);
5 10 0 1 -6000 150000 L3-;
5 10 48 0 -6000 140000 L3+;
5 15 -7000 141000 0 1;
5 2 0.2p;
5 11 L 3;
1 Bound -7500 140000 -6000 150000;
( Rotate 180 );
9 ind;
C 0 R -1 0 T -5000 150000;
(SymbolCall ind);
5 10 0 1 4000 150000 L4-;
5 10 49 0 4000 140000 L4+;
5 15 3000 141000 0 1;
5 11 L 4;
5 2 1p;
1 Bound 2500 140000 4000 150000;
( Rotate 180 );
9 ind;
C 0 R -1 0 T 5000 150000;
(SymbolCall ind);
5 10 0 1 10000 150000 L5-;
5 10 50 0 10000 140000 L5+;
5 15 9000 141000 0 1;
5 11 L 5;
5 2 0.2p;
1 Bound 8500 140000 10000 150000;
( Rotate 180 );
9 ind;
C 0 R -1 0 T 11000 150000;
(SymbolCall ind);
5 10 0 1 30000 150000 L6-;
5 10 51 0 30000 140000 L6+;
5 15 29000 141000 0 1;
5 11 L 6;
5 2 1p;
1 Bound 28500 140000 30000 150000;
( Rotate 180 );
9 ind;
C 0 R -1 0 T 31000 150000;
(SymbolCall ind);
5 10 0 1 36000 150000 L7-;
5 10 52 0 36000 140000 L7+;
5 15 35000 141000 0 1;
5 11 L 7;
5 2 0.2p;
1 Bound 34500 140000 36000 150000;
( Rotate 180 );
9 ind;
C 0 R -1 0 T 37000 150000;
(SymbolCall ind);
5 10 0 1 46000 150000 L8-;
5 10 53 0 46000 140000 L8+;
5 15 45000 141000 0 1;
5 11 L 8;
5 2 1p;
1 Bound 44500 140000 46000 150000;
( Rotate 180 );
9 ind;
C 0 R -1 0 T 47000 150000;
(SymbolCall ind);
5 10 0 1 52000 150000 L9-;
5 10 54 0 52000 140000 L9+;
5 15 51000 141000 0 1;
5 11 L 9;
5 2 0.2p;
1 Bound 50500 140000 52000 150000;
( Rotate 180 );
9 ind;
C 0 R -1 0 T 53000 150000;
(SymbolCall ind);
5 10 0 1 72000 150000 L10-;
5 10 55 0 72000 140000 L10+;
5 15 71000 141000 0 1;
5 11 L 10;
5 2 1p;
1 Bound 70500 140000 72000 150000;
( Rotate 180 );
9 ind;
C 0 R -1 0 T 73000 150000;
(SymbolCall ind);
5 10 0 1 78000 150000 L11-;
5 10 56 0 78000 140000 L11+;
5 15 77000 141000 0 1;
5 11 L 11;
5 2 0.2p;
1 Bound 76500 140000 78000 150000;
( Rotate 180 );
9 ind;
C 0 R -1 0 T 79000 150000;
(SymbolCall ind);
5 10 0 1 88000 150000 L12-;
5 10 57 0 88000 140000 L12+;
5 15 87000 141000 0 1;
5 11 L 12;
5 2 1p;
1 Bound 86500 140000 88000 150000;
( Rotate 180 );
9 ind;
C 0 R -1 0 T 89000 150000;
(SymbolCall ind);
5 10 0 1 94000 150000 L13-;
5 10 58 0 94000 140000 L13+;
5 15 93000 141000 0 1;
5 11 L 13;
5 2 0.2p;
1 Bound 92500 140000 94000 150000;
( Rotate 180 );
9 ind;
C 0 R -1 0 T 95000 150000;
(SymbolCall ind);
5 10 0 1 114000 150000 L14-;
5 10 59 0 114000 140000 L14+;
5 15 113000 141000 0 1;
5 11 L 14;
5 2 1p;
1 Bound 112500 140000 114000 150000;
( Rotate 180 );
9 ind;
C 0 R -1 0 T 115000 150000;
(SymbolCall ind);
5 10 0 1 120000 150000 L15-;
5 10 60 0 120000 140000 L15+;
5 15 119000 141000 0 1;
5 11 L 15;
5 2 0.2p;
1 Bound 118500 140000 120000 150000;
( Rotate 180 );
9 ind;
C 0 R -1 0 T 121000 150000;
(SymbolCall ind);
5 10 4 1 -48000 130000 L16-;
5 10 6 0 -38000 130000 L16+;
5 15 -39000 129000 -1 0;
5 2 2p;
5 11 L 16;
1 Bound -48000 128500 -38000 130000;
( Rotate 270 );
9 ind;
C 0 R 0 -1 T -48000 131000;
(SymbolCall ind);
5 10 6 1 -32000 130000 L17-;
5 10 7 0 -22000 130000 L17+;
5 15 -23000 129000 -1 0;
5 2 2p;
5 11 L 17;
1 Bound -32000 128500 -22000 130000;
( Rotate 270 );
9 ind;
C 0 R 0 -1 T -32000 131000;
(SymbolCall ind);
5 10 7 1 -22000 130000 L18-;
5 10 8 0 -12000 130000 L18+;
5 15 -13000 129000 -1 0;
5 2 2p;
5 11 L 18;
1 Bound -22000 128500 -12000 130000;
( Rotate 270 );
9 ind;
C 0 R 0 -1 T -22000 131000;
(SymbolCall ind);
5 10 8 1 -6000 130000 L19-;
5 10 9 0 4000 130000 L19+;
5 15 3000 129000 -1 0;
5 11 L 19;
5 2 2p;
1 Bound -6000 128500 4000 130000;
( Rotate 270 );
9 ind;
C 0 R 0 -1 T -6000 131000;
(SymbolCall ind);
5 10 9 1 10000 130000 L20-;
5 10 10 0 20000 130000 L20+;
5 15 19000 129000 -1 0;
5 11 L 20;
5 2 2p;
1 Bound 10000 128500 20000 130000;
( Rotate 270 );
9 ind;
C 0 R 0 -1 T 10000 131000;
(SymbolCall ind);
5 10 10 1 20000 130000 L21-;
5 10 11 0 30000 130000 L21+;
5 15 29000 129000 -1 0;
5 11 L 21;
5 2 2p;
1 Bound 20000 128500 30000 130000;
( Rotate 270 );
9 ind;
C 0 R 0 -1 T 20000 131000;
(SymbolCall ind);
5 10 11 1 36000 130000 L22-;
5 10 12 0 46000 130000 L22+;
5 15 45000 129000 -1 0;
5 11 L 22;
5 2 2p;
1 Bound 36000 128500 46000 130000;
( Rotate 270 );
9 ind;
C 0 R 0 -1 T 36000 131000;
(SymbolCall ind);
5 10 12 1 52000 130000 L23-;
5 10 13 0 62000 130000 L23+;
5 15 61000 129000 -1 0;
5 11 L 23;
5 2 2p;
1 Bound 52000 128500 62000 130000;
( Rotate 270 );
9 ind;
C 0 R 0 -1 T 52000 131000;
(SymbolCall ind);
5 10 13 1 62000 130000 L24-;
5 10 14 0 72000 130000 L24+;
5 15 71000 129000 -1 0;
5 11 L 24;
5 2 2p;
1 Bound 62000 128500 72000 130000;
( Rotate 270 );
9 ind;
C 0 R 0 -1 T 62000 131000;
(SymbolCall ind);
5 10 14 1 78000 130000 L25-;
5 10 15 0 88000 130000 L25+;
5 15 87000 129000 -1 0;
5 11 L 25;
5 2 2p;
1 Bound 78000 128500 88000 130000;
( Rotate 270 );
9 ind;
C 0 R 0 -1 T 78000 131000;
(SymbolCall ind);
5 10 15 1 94000 130000 L26-;
5 10 16 0 104000 130000 L26+;
5 15 103000 129000 -1 0;
5 11 L 26;
5 2 2p;
1 Bound 94000 128500 104000 130000;
( Rotate 270 );
9 ind;
C 0 R 0 -1 T 94000 131000;
(SymbolCall ind);
5 10 16 1 104000 130000 L27-;
5 10 17 0 114000 130000 L27+;
5 15 113000 129000 -1 0;
5 11 L 27;
5 2 2p;
1 Bound 104000 128500 114000 130000;
( Rotate 270 );
9 ind;
C 0 R 0 -1 T 104000 131000;
(SymbolCall ind);
5 10 7 1 -21000 120000 L28-;
5 10 61 0 -21000 110000 L28+;
5 15 -22000 111000 0 1;
5 2 1p;
5 11 L 28;
1 Bound -22500 110000 -21000 120000;
( Rotate 180 );
9 ind;
C 0 R -1 0 T -20000 120000;
(SymbolCall ind);
5 10 10 1 10000 120000 L29-;
5 10 62 0 10000 110000 L29+;
5 15 9000 111000 0 1;
5 2 1p;
5 11 L 29;
1 Bound 8500 110000 10000 120000;
( Rotate 180 );
9 ind;
C 0 R -1 0 T 11000 120000;
(SymbolCall ind);
5 10 13 1 46000 120000 L30-;
5 10 63 0 46000 110000 L30+;
5 15 45000 111000 0 1;
5 11 L 30;
5 2 1p;
1 Bound 44500 110000 46000 120000;
( Rotate 180 );
9 ind;
C 0 R -1 0 T 47000 120000;
(SymbolCall ind);
5 10 16 1 92000 120000 L31-;
5 10 64 0 92000 110000 L31+;
5 15 91000 111000 0 1;
5 11 L 31;
5 2 1p;
1 Bound 90500 110000 92000 120000;
( Rotate 180 );
9 ind;
C 0 R -1 0 T 93000 120000;
(SymbolCall ind);
5 10 18 1 -21000 100000 L32-;
5 10 22 0 -21000 90000 L32+;
5 15 -22000 91000 0 1;
5 11 L 32;
5 2 400p;
1 Bound -22500 90000 -21000 100000;
( Rotate 180 );
9 ind;
C 0 R -1 0 T -20000 100000;
(SymbolCall ind);
5 10 19 1 10000 100000 L33-;
5 10 23 0 10000 90000 L33+;
5 15 9000 91000 0 1;
5 2 400p;
5 11 L 33;
1 Bound 8500 90000 10000 100000;
( Rotate 180 );
9 ind;
C 0 R -1 0 T 11000 100000;
(SymbolCall ind);
5 10 20 1 46000 100000 L34-;
5 10 24 0 46000 90000 L34+;
5 15 45000 91000 0 1;
5 11 L 34;
5 2 400p;
1 Bound 44500 90000 46000 100000;
( Rotate 180 );
9 ind;
C 0 R -1 0 T 47000 100000;
(SymbolCall ind);
5 10 21 1 92000 100000 L35-;
5 10 65 0 92000 90000 L35+;
5 15 91000 91000 0 1;
5 2 400p;
5 11 L 35;
1 Bound 90500 90000 92000 100000;
( Rotate 180 );
9 ind;
C 0 R -1 0 T 93000 100000;
(SymbolCall ind);
5 10 22 1 -21000 90000 L36-;
5 10 66 0 -31000 90000 L36+;
5 15 -30000 91000 1 0;
5 2 1p;
5 11 L 36;
1 Bound -31000 90000 -21000 91500;
( Rotate 90 );
9 ind;
C 0 R 0 1 T -21000 89000;
(SymbolCall ind);
5 10 23 1 10000 90000 L37-;
5 10 22 0 0 90000 L37+;
5 15 1000 91000 1 0;
5 2 1p;
5 11 L 37;
1 Bound 0 90000 10000 91500;
( Rotate 90 );
9 ind;
C 0 R 0 1 T 10000 89000;
(SymbolCall ind);
5 10 24 1 46000 90000 L38-;
5 10 23 0 36000 90000 L38+;
5 15 37000 91000 1 0;
5 2 1p;
5 11 L 38;
1 Bound 36000 90000 46000 91500;
( Rotate 90 );
9 ind;
C 0 R 0 1 T 46000 89000;
(SymbolCall ind);
5 10 65 1 92000 90000 L39-;
5 10 24 0 82000 90000 L39+;
5 15 83000 91000 1 0;
5 2 1p;
5 11 L 39;
1 Bound 82000 90000 92000 91500;
( Rotate 90 );
9 ind;
C 0 R 0 1 T 92000 89000;
(SymbolCall ind);
5 10 25 1 -21000 80000 L40-;
5 10 22 0 -21000 90000 L40+;
5 15 -20000 89000 0 -1;
5 2 400p;
5 11 L 40;
1 Bound -21000 80000 -19500 90000;
9 ind;
C 0 T -22000 80000;
(SymbolCall ind);
5 10 26 1 10000 80000 L41-;
5 10 23 0 10000 90000 L41+;
5 15 11000 89000 0 -1;
5 2 400p;
5 11 L 41;
1 Bound 10000 80000 11500 90000;
9 ind;
C 0 T 9000 80000;
(SymbolCall ind);
5 10 27 1 46000 80000 L42-;
5 10 24 0 46000 90000 L42+;
5 15 47000 89000 0 -1;
5 11 L 42;
5 2 400p;
1 Bound 46000 80000 47500 90000;
9 ind;
C 0 T 45000 80000;
(SymbolCall ind);
5 10 28 1 92000 80000 L43-;
5 10 65 0 92000 90000 L43+;
5 15 93000 89000 0 -1;
5 11 L 43;
5 2 400p;
1 Bound 92000 80000 93500 90000;
9 ind;
C 0 T 91000 80000;
(SymbolCall ind);
5 10 29 1 -15000 60000 L44-;
5 10 67 0 -15000 70000 L44+;
5 15 -14000 69000 0 -1;
5 2 1p;
5 11 L 44;
1 Bound -15000 60000 -13500 70000;
9 ind;
C 0 T -16000 60000;
(SymbolCall ind);
5 10 30 1 16000 60000 L45-;
5 10 68 0 16000 70000 L45+;
5 15 17000 69000 0 -1;
5 2 1p;
5 11 L 45;
1 Bound 16000 60000 17500 70000;
9 ind;
C 0 T 15000 60000;
(SymbolCall ind);
5 10 31 1 52000 60000 L46-;
5 10 69 0 52000 70000 L46+;
5 15 53000 69000 0 -1;
5 11 L 46;
5 2 1p;
1 Bound 52000 60000 53500 70000;
9 ind;
C 0 T 51000 60000;
(SymbolCall ind);
5 10 32 1 98000 60000 L47-;
5 10 70 0 98000 70000 L47+;
5 15 99000 69000 0 -1;
5 11 L 47;
5 2 1p;
1 Bound 98000 60000 99500 70000;
9 ind;
C 0 T 97000 60000;
(SymbolCall ind);
5 10 33 1 36000 42000 L48-;
5 10 3 0 26000 42000 L48+;
5 15 27000 43000 1 0;
5 2 2.5p;
5 11 L 48;
1 Bound 26000 42000 36000 43500;
( Rotate 90 );
9 ind;
C 0 R 0 1 T 36000 41000;
(SymbolCall ind);
5 10 31 1 52000 42000 L49-;
5 10 33 0 42000 42000 L49+;
5 15 43000 43000 1 0;
5 2 3.13p;
5 11 L 49;
1 Bound 42000 42000 52000 43500;
( Rotate 90 );
9 ind;
C 0 R 0 1 T 52000 41000;
(SymbolCall ind);
5 10 34 1 62000 42000 L50-;
5 10 31 0 52000 42000 L50+;
5 15 53000 43000 1 0;
5 2 1.43p;
5 11 L 50;
1 Bound 52000 42000 62000 43500;
( Rotate 90 );
9 ind;
C 0 R 0 1 T 62000 41000;
(SymbolCall ind);
5 10 0 1 36000 22000 L51-;
5 10 71 0 36000 32000 L51+;
5 15 37000 31000 0 -1;
5 2 0.2p;
5 11 L 51;
1 Bound 36000 22000 37500 32000;
9 ind;
C 0 T 35000 22000;
(SymbolCall ind);
5 10 0 1 42000 22000 L52-;
5 10 72 0 42000 32000 L52+;
5 15 43000 31000 0 -1;
5 2 1p;
5 11 L 52;
1 Bound 42000 22000 43500 32000;
9 ind;
C 0 T 41000 22000;
(SymbolCall ind);
5 10 35 1 68000 22000 L53-;
5 10 73 0 68000 32000 L53+;
5 15 69000 31000 0 -1;
5 2 1p;
5 11 L 53;
1 Bound 68000 22000 69500 32000;
9 ind;
C 0 T 67000 22000;
(SymbolCall ind);
5 10 37 1 -4000 15000 L54-;
5 10 74 0 -14000 15000 L54+;
5 15 -13000 16000 1 0;
5 2 1p;
5 11 L 54;
1 Bound -14000 15000 -4000 16500;
( Rotate 90 );
9 ind;
C 0 R 0 1 T -4000 14000;
(SymbolCall ind);
5 10 36 1 -30000 9000 L55-;
5 10 2 0 -40000 9000 L55+;
5 15 -39000 10000 1 0;
5 2 3p;
5 11 L 55;
1 Bound -40000 9000 -30000 10500;
( Rotate 90 );
9 ind;
C 0 R 0 1 T -30000 8000;
(SymbolCall ind);
5 10 38 1 6000 9000 L56-;
5 10 37 0 -4000 9000 L56+;
5 15 -3000 10000 1 0;
5 2 1.9p;
5 11 L 56;
1 Bound -4000 9000 6000 10500;
( Rotate 90 );
9 ind;
C 0 R 0 1 T 6000 8000;
(SymbolCall ind);
5 10 0 1 -30000 -11000 L57-;
5 10 75 0 -30000 -1000 L57+;
5 15 -29000 -2000 0 -1;
5 2 0.2p;
5 11 L 57;
1 Bound -30000 -11000 -28500 -1000;
9 ind;
C 0 T -31000 -11000;
(SymbolCall ind);
5 10 0 1 -24000 -11000 L58-;
5 10 76 0 -24000 -1000 L58+;
5 15 -23000 -2000 0 -1;
5 2 1p;
5 11 L 58;
1 Bound -24000 -11000 -22500 -1000;
9 ind;
C 0 T -25000 -11000;
(SymbolCall ind);
5 10 40 1 46000 -9000 L59-;
5 10 77 0 36000 -9000 L59+;
5 15 37000 -8000 1 0;
5 2 1p;
5 11 L 59;
1 Bound 36000 -9000 46000 -7500;
( Rotate 90 );
9 ind;
C 0 R 0 1 T 46000 -10000;
(SymbolCall ind);
5 10 29 1 16000 -15000 L60-;
5 10 38 0 6000 -15000 L60+;
5 15 7000 -14000 1 0;
5 2 0.6p;
5 11 L 60;
1 Bound 6000 -15000 16000 -13500;
( Rotate 90 );
9 ind;
C 0 R 0 1 T 16000 -16000;
(SymbolCall ind);
5 10 39 1 26000 -15000 L61-;
5 10 29 0 16000 -15000 L61+;
5 15 17000 -14000 1 0;
5 2 2.1p;
5 11 L 61;
1 Bound 16000 -15000 26000 -13500;
( Rotate 90 );
9 ind;
C 0 R 0 1 T 26000 -16000;
(SymbolCall ind);
5 10 30 1 62000 -15000 L62-;
5 10 40 0 52000 -15000 L62+;
5 15 53000 -14000 1 0;
5 2 0.4p;
5 11 L 62;
1 Bound 52000 -15000 62000 -13500;
( Rotate 90 );
9 ind;
C 0 R 0 1 T 62000 -16000;
(SymbolCall ind);
5 10 35 1 72000 -15000 L63-;
5 10 30 0 62000 -15000 L63+;
5 15 63000 -14000 1 0;
5 2 7.362p;
5 11 L 63;
1 Bound 62000 -15000 72000 -13500;
( Rotate 90 );
9 ind;
C 0 R 0 1 T 72000 -16000;
(SymbolCall ind);
5 10 41 1 82000 -15000 L64-;
5 10 35 0 72000 -15000 L64+;
5 15 73000 -14000 1 0;
5 2 2.27p;
5 11 L 64;
1 Bound 72000 -15000 82000 -13500;
( Rotate 90 );
9 ind;
C 0 R 0 1 T 82000 -16000;
(SymbolCall ind);
5 10 32 1 98000 -15000 L65-;
5 10 41 0 88000 -15000 L65+;
5 15 89000 -14000 1 0;
5 2 3.2p;
5 11 L 65;
1 Bound 88000 -15000 98000 -13500;
( Rotate 90 );
9 ind;
C 0 R 0 1 T 98000 -16000;
(SymbolCall ind);
5 10 42 1 108000 -15000 L66-;
5 10 32 0 98000 -15000 L66+;
5 15 99000 -14000 1 0;
5 2 1.1p;
5 11 L 66;
1 Bound 98000 -15000 108000 -13500;
( Rotate 90 );
9 ind;
C 0 R 0 1 T 108000 -16000;
(SymbolCall ind);
5 10 5 1 124000 -15000 L67-;
5 10 42 0 114000 -15000 L67+;
5 15 115000 -14000 1 0;
5 2 3.291p;
5 11 L 67;
1 Bound 114000 -15000 124000 -13500;
( Rotate 90 );
9 ind;
C 0 R 0 1 T 124000 -16000;
(SymbolCall ind);
5 10 44 1 -4000 -19000 L68-;
5 10 84 0 -14000 -19000 L68+;
5 15 -13000 -18000 1 0;
5 2 1p;
5 11 L 68;
1 Bound -14000 -19000 -4000 -17500;
( Rotate 90 );
9 ind;
C 0 R 0 1 T -4000 -20000;
(SymbolCall ind);
5 10 43 1 -30000 -25000 L69-;
5 10 1 0 -40000 -25000 L69+;
5 15 -39000 -24000 1 0;
5 2 3p;
5 11 L 69;
1 Bound -40000 -25000 -30000 -23500;
( Rotate 90 );
9 ind;
C 0 R 0 1 T -30000 -26000;
(SymbolCall ind);
5 10 38 1 6000 -25000 L70-;
5 10 44 0 -4000 -25000 L70+;
5 15 -3000 -24000 1 0;
5 2 1.9p;
5 11 L 70;
1 Bound -4000 -25000 6000 -23500;
( Rotate 90 );
9 ind;
C 0 R 0 1 T 6000 -26000;
(SymbolCall ind);
5 10 0 1 46000 -35000 L71-;
5 10 78 0 46000 -25000 L71+;
5 15 47000 -26000 0 -1;
5 2 0.2p;
5 11 L 71;
1 Bound 46000 -35000 47500 -25000;
9 ind;
C 0 T 45000 -35000;
(SymbolCall ind);
5 10 0 1 52000 -35000 L72-;
5 10 79 0 52000 -25000 L72+;
5 15 53000 -26000 0 -1;
5 2 1p;
5 11 L 72;
1 Bound 52000 -35000 53500 -25000;
9 ind;
C 0 T 51000 -35000;
(SymbolCall ind);
5 10 0 1 82000 -35000 L73-;
5 10 80 0 82000 -25000 L73+;
5 15 83000 -26000 0 -1;
5 2 0.2p;
5 11 L 73;
1 Bound 82000 -35000 83500 -25000;
9 ind;
C 0 T 81000 -35000;
(SymbolCall ind);
5 10 0 1 88000 -35000 L74-;
5 10 81 0 88000 -25000 L74+;
5 15 89000 -26000 0 -1;
5 2 1p;
5 11 L 74;
1 Bound 88000 -35000 89500 -25000;
9 ind;
C 0 T 87000 -35000;
(SymbolCall ind);
5 10 0 1 108000 -35000 L75-;
5 10 82 0 108000 -25000 L75+;
5 15 109000 -26000 0 -1;
5 2 0.2p;
5 11 L 75;
1 Bound 108000 -35000 109500 -25000;
9 ind;
C 0 T 107000 -35000;
(SymbolCall ind);
5 10 0 1 114000 -35000 L76-;
5 10 83 0 114000 -25000 L76+;
5 15 115000 -26000 0 -1;
5 2 1p;
5 11 L 76;
1 Bound 114000 -35000 115500 -25000;
9 ind;
C 0 T 113000 -35000;
(SymbolCall ind);
5 10 0 1 -30000 -45000 L77-;
5 10 85 0 -30000 -35000 L77+;
5 15 -29000 -36000 0 -1;
5 2 0.2p;
5 11 L 77;
1 Bound -30000 -45000 -28500 -35000;
9 ind;
C 0 T -31000 -45000;
(SymbolCall ind);
5 10 0 1 -24000 -45000 L78-;
5 10 86 0 -24000 -35000 L78+;
5 15 -23000 -36000 0 -1;
5 2 1p;
5 11 L 78;
1 Bound -24000 -45000 -22500 -35000;
9 ind;
C 0 T -25000 -45000;
(SymbolCall isrc);
5 2 pwl(0 0 5p 2220u);
5 10 66 1 -31000 90000 I0_1;
5 10 0 0 -41000 90000 I0_0;
5 15 -35000 90000 1 0 @<name>[c];
5 11 I 0;
5 5 nophys;
1 Bound -41000 88000 -31000 92000;
( Rotate 90 );
9 isrc;
C 0 R 0 1 T -31000 88000;
(SymbolCall jj);
5 10 87 2 -31000 132000 B0_2;
5 10 46 1 -32000 140000 B0-;
5 10 6 0 -32000 130000 B0+;
5 3 area=3.5;
5 1 jjmit;
5 11 B 0;
1 Bound -33500 130000 -30500 140000;
( Rotate 180 );
9 jj;
C 0 R -1 0 T -31000 140000;
(SymbolCall jj);
5 10 88 2 -5000 132000 B1_2;
5 10 48 1 -6000 140000 B1-;
5 10 8 0 -6000 130000 B1+;
5 3 area=3.5;
5 1 jjmit;
5 11 B 1;
1 Bound -7500 130000 -4500 140000;
( Rotate 180 );
9 jj;
C 0 R -1 0 T -5000 140000;
(SymbolCall jj);
5 10 89 2 11000 132000 B2_2;
5 10 50 1 10000 140000 B2-;
5 10 9 0 10000 130000 B2+;
5 11 B 2;
5 1 jjmit;
5 3 area=2.5;
1 Bound 8500 130000 11500 140000;
( Rotate 180 );
9 jj;
C 0 R -1 0 T 11000 140000;
(SymbolCall jj);
5 10 90 2 37000 132000 B3_2;
5 10 52 1 36000 140000 B3-;
5 10 11 0 36000 130000 B3+;
5 11 B 3;
5 3 area=2.5;
5 1 jjmit;
1 Bound 34500 130000 37500 140000;
( Rotate 180 );
9 jj;
C 0 R -1 0 T 37000 140000;
(SymbolCall jj);
5 10 91 2 53000 132000 B4_2;
5 10 54 1 52000 140000 B4-;
5 10 12 0 52000 130000 B4+;
5 11 B 4;
5 1 jjmit;
5 3 area=2.5;
1 Bound 50500 130000 53500 140000;
( Rotate 180 );
9 jj;
C 0 R -1 0 T 53000 140000;
(SymbolCall jj);
5 10 92 2 79000 132000 B5_2;
5 10 56 1 78000 140000 B5-;
5 10 14 0 78000 130000 B5+;
5 11 B 5;
5 3 area=2.5;
5 1 jjmit;
1 Bound 76500 130000 79500 140000;
( Rotate 180 );
9 jj;
C 0 R -1 0 T 79000 140000;
(SymbolCall jj);
5 10 93 2 95000 132000 B6_2;
5 10 58 1 94000 140000 B6-;
5 10 15 0 94000 130000 B6+;
5 11 B 6;
5 1 jjmit;
5 3 area=2.5;
1 Bound 92500 130000 95500 140000;
( Rotate 180 );
9 jj;
C 0 R -1 0 T 95000 140000;
(SymbolCall jj);
5 10 94 2 121000 132000 B7_2;
5 10 60 1 120000 140000 B7-;
5 10 17 0 120000 130000 B7+;
5 11 B 7;
5 3 area=2.5;
5 1 jjmit;
1 Bound 118500 130000 121500 140000;
( Rotate 180 );
9 jj;
C 0 R -1 0 T 121000 140000;
(SymbolCall jj);
5 10 95 2 -14000 102000 B8_2;
5 10 7 1 -15000 110000 B8-;
5 10 18 0 -15000 100000 B8+;
5 3 area=5;
5 1 jjmit;
5 11 B 8;
1 Bound -16500 100000 -13500 110000;
( Rotate 180 );
9 jj;
C 0 R -1 0 T -14000 110000;
(SymbolCall jj);
5 10 96 2 17000 102000 B9_2;
5 10 10 1 16000 110000 B9-;
5 10 19 0 16000 100000 B9+;
5 3 area=3.5;
5 1 jjmit;
5 11 B 9;
1 Bound 14500 100000 17500 110000;
( Rotate 180 );
9 jj;
C 0 R -1 0 T 17000 110000;
(SymbolCall jj);
5 10 97 2 53000 102000 B10_2;
5 10 13 1 52000 110000 B10-;
5 10 20 0 52000 100000 B10+;
5 3 area=3.5;
5 11 B 10;
5 1 jjmit;
1 Bound 50500 100000 53500 110000;
( Rotate 180 );
9 jj;
C 0 R -1 0 T 53000 110000;
(SymbolCall jj);
5 10 98 2 99000 102000 B11_2;
5 10 16 1 98000 110000 B11-;
5 10 21 0 98000 100000 B11+;
5 3 area=3.5;
5 11 B 11;
5 1 jjmit;
1 Bound 96500 100000 99500 110000;
( Rotate 180 );
9 jj;
C 0 R -1 0 T 99000 110000;
(SymbolCall jj);
5 10 99 2 -22000 78000 B12_2;
5 10 29 1 -21000 70000 B12-;
5 10 25 0 -21000 80000 B12+;
5 3 area=4.4;
5 1 jjmit;
5 11 B 12;
1 Bound -22500 70000 -19500 80000;
9 jj;
C 0 T -22000 70000;
(SymbolCall jj);
5 10 100 2 9000 78000 B13_2;
5 10 30 1 10000 70000 B13-;
5 10 26 0 10000 80000 B13+;
5 3 area=1.1;
5 1 jjmit;
5 11 B 13;
1 Bound 8500 70000 11500 80000;
9 jj;
C 0 T 9000 70000;
(SymbolCall jj);
5 10 101 2 45000 78000 B14_2;
5 10 31 1 46000 70000 B14-;
5 10 27 0 46000 80000 B14+;
5 11 B 14;
5 3 area=2;
5 1 jjmit;
1 Bound 44500 70000 47500 80000;
9 jj;
C 0 T 45000 70000;
(SymbolCall jj);
5 10 102 2 91000 78000 B15_2;
5 10 32 1 92000 70000 B15-;
5 10 28 0 92000 80000 B15+;
5 11 B 15;
5 1 jjmit;
5 3 area=1.2;
1 Bound 90500 70000 93500 80000;
9 jj;
C 0 T 91000 70000;
(SymbolCall jj);
5 10 103 2 35000 40000 B16_2;
5 10 71 1 36000 32000 B16-;
5 10 33 0 36000 42000 B16+;
5 3 area=2.6;
5 1 jjmit;
5 11 B 16;
1 Bound 34500 32000 37500 42000;
9 jj;
C 0 T 35000 32000;
(SymbolCall jj);
5 10 104 2 61000 40000 B17_2;
5 10 35 1 62000 32000 B17-;
5 10 34 0 62000 42000 B17+;
5 3 area=2;
5 11 B 17;
5 1 jjmit;
1 Bound 60500 32000 63500 42000;
9 jj;
C 0 T 61000 32000;
(SymbolCall jj);
5 10 105 2 -22000 8000 B18_2;
5 10 37 1 -14000 9000 B18-;
5 10 36 0 -24000 9000 B18+;
5 3 area=2;
5 1 jjmit;
5 11 B 18;
1 Bound -24000 7500 -14000 10500;
( Rotate 90 );
9 jj;
C 0 R 0 1 T -14000 8000;
(SymbolCall jj);
5 10 106 2 -31000 7000 B19_2;
5 10 75 1 -30000 -1000 B19-;
5 10 36 0 -30000 9000 B19+;
5 3 area=2.5;
5 11 B 19;
5 1 jjmit;
1 Bound -31500 -1000 -28500 9000;
9 jj;
C 0 T -31000 -1000;
(SymbolCall jj);
5 10 107 2 28000 -16000 B20_2;
5 10 40 1 36000 -15000 B20-;
5 10 39 0 26000 -15000 B20+;
5 3 area=3.25;
5 11 B 20;
5 1 jjmit;
1 Bound 26000 -16500 36000 -13500;
( Rotate 90 );
9 jj;
C 0 R 0 1 T 36000 -16000;
(SymbolCall jj);
5 10 108 2 45000 -17000 B21_2;
5 10 78 1 46000 -25000 B21-;
5 10 40 0 46000 -15000 B21+;
5 3 area=3;
5 11 B 21;
5 1 jjmit;
1 Bound 44500 -25000 47500 -15000;
9 jj;
C 0 T 45000 -25000;
(SymbolCall jj);
5 10 109 2 81000 -17000 B22_2;
5 10 80 1 82000 -25000 B22-;
5 10 41 0 82000 -15000 B22+;
5 3 area=2;
5 11 B 22;
5 1 jjmit;
1 Bound 80500 -25000 83500 -15000;
9 jj;
C 0 T 81000 -25000;
(SymbolCall jj);
5 10 110 2 107000 -17000 B23_2;
5 10 82 1 108000 -25000 B23-;
5 10 42 0 108000 -15000 B23+;
5 3 area=2.5;
5 1 jjmit;
5 11 B 23;
1 Bound 106500 -25000 109500 -15000;
9 jj;
C 0 T 107000 -25000;
(SymbolCall jj);
5 10 111 2 -22000 -26000 B24_2;
5 10 44 1 -14000 -25000 B24-;
5 10 43 0 -24000 -25000 B24+;
5 3 area=2;
5 1 jjmit;
5 11 B 24;
1 Bound -24000 -26500 -14000 -23500;
( Rotate 90 );
9 jj;
C 0 R 0 1 T -14000 -26000;
(SymbolCall jj);
5 10 112 2 -31000 -27000 B25_2;
5 10 85 1 -30000 -35000 B25-;
5 10 43 0 -30000 -25000 B25+;
5 3 area=2.5;
5 11 B 25;
5 1 jjmit;
1 Bound -31500 -35000 -28500 -25000;
9 jj;
C 0 T -31000 -35000;
(SymbolCall res);
5 10 45 1 -38000 140000 R0-;
5 10 6 0 -38000 130000 R0+;
5 15 -37000 131000 0 1 "<v>/<value>O";
5 2 2.77;
5 11 R 0;
1 Bound -39000 130000 -36750 140000;
( Rotate 180 );
9 res;
C 0 R -1 0 T -38000 130000;
(SymbolCall res);
5 10 47 1 -12000 140000 R1-;
5 10 8 0 -12000 130000 R1+;
5 15 -11000 131000 0 1 "<v>/<value>O";
5 2 2.77;
5 11 R 1;
1 Bound -13000 130000 -10750 140000;
( Rotate 180 );
9 res;
C 0 R -1 0 T -12000 130000;
(SymbolCall res);
5 10 49 1 4000 140000 R2-;
5 10 9 0 4000 130000 R2+;
5 15 5000 131000 0 1 "<v>/<value>O";
5 11 R 2;
5 2 3.88;
1 Bound 3000 130000 5250 140000;
( Rotate 180 );
9 res;
C 0 R -1 0 T 4000 130000;
(SymbolCall res);
5 10 51 1 30000 140000 R3-;
5 10 11 0 30000 130000 R3+;
5 15 31000 131000 0 1 "<v>/<value>O";
5 11 R 3;
5 2 3.88;
1 Bound 29000 130000 31250 140000;
( Rotate 180 );
9 res;
C 0 R -1 0 T 30000 130000;
(SymbolCall res);
5 10 53 1 46000 140000 R4-;
5 10 12 0 46000 130000 R4+;
5 15 47000 131000 0 1 "<v>/<value>O";
5 11 R 4;
5 2 3.88;
1 Bound 45000 130000 47250 140000;
( Rotate 180 );
9 res;
C 0 R -1 0 T 46000 130000;
(SymbolCall res);
5 10 55 1 72000 140000 R5-;
5 10 14 0 72000 130000 R5+;
5 15 73000 131000 0 1 "<v>/<value>O";
5 11 R 5;
5 2 3.88;
1 Bound 71000 130000 73250 140000;
( Rotate 180 );
9 res;
C 0 R -1 0 T 72000 130000;
(SymbolCall res);
5 10 57 1 88000 140000 R6-;
5 10 15 0 88000 130000 R6+;
5 15 89000 131000 0 1 "<v>/<value>O";
5 11 R 6;
5 2 3.88;
1 Bound 87000 130000 89250 140000;
( Rotate 180 );
9 res;
C 0 R -1 0 T 88000 130000;
(SymbolCall res);
5 10 59 1 114000 140000 R7-;
5 10 17 0 114000 130000 R7+;
5 15 115000 131000 0 1 "<v>/<value>O";
5 11 R 7;
5 2 3.88;
1 Bound 113000 130000 115250 140000;
( Rotate 180 );
9 res;
C 0 R -1 0 T 114000 130000;
(SymbolCall res);
5 10 61 1 -21000 110000 R8-;
5 10 18 0 -21000 100000 R8+;
5 15 -20000 101000 0 1 "<v>/<value>O";
5 2 1.372;
5 11 R 8;
1 Bound -22000 100000 -19750 110000;
( Rotate 180 );
9 res;
C 0 R -1 0 T -21000 100000;
(SymbolCall res);
5 10 62 1 10000 110000 R9-;
5 10 19 0 10000 100000 R9+;
5 15 11000 101000 0 1 "<v>/<value>O";
5 2 1.96;
5 11 R 9;
1 Bound 9000 100000 11250 110000;
( Rotate 180 );
9 res;
C 0 R -1 0 T 10000 100000;
(SymbolCall res);
5 10 63 1 46000 110000 R10-;
5 10 20 0 46000 100000 R10+;
5 15 47000 101000 0 1 "<v>/<value>O";
5 2 1.96;
5 11 R 10;
1 Bound 45000 100000 47250 110000;
( Rotate 180 );
9 res;
C 0 R -1 0 T 46000 100000;
(SymbolCall res);
5 10 64 1 92000 110000 R11-;
5 10 21 0 92000 100000 R11+;
5 15 93000 101000 0 1 "<v>/<value>O";
5 2 1.96;
5 11 R 11;
1 Bound 91000 100000 93250 110000;
( Rotate 180 );
9 res;
C 0 R -1 0 T 92000 100000;
(SymbolCall res);
5 10 67 1 -15000 70000 R12-;
5 10 25 0 -15000 80000 R12+;
5 15 -16000 79000 0 -1 "<v>/<value>O";
5 2 1.56;
5 11 R 12;
1 Bound -16250 70000 -14000 80000;
9 res;
C 0 T -15000 80000;
(SymbolCall res);
5 10 68 1 16000 70000 R13-;
5 10 26 0 16000 80000 R13+;
5 15 15000 79000 0 -1 "<v>/<value>O";
5 2 6.24;
5 11 R 13;
1 Bound 14750 70000 17000 80000;
9 res;
C 0 T 16000 80000;
(SymbolCall res);
5 10 69 1 52000 70000 R14-;
5 10 27 0 52000 80000 R14+;
5 15 51000 79000 0 -1 "<v>/<value>O";
5 2 3.43;
5 11 R 14;
1 Bound 50750 70000 53000 80000;
9 res;
C 0 T 52000 80000;
(SymbolCall res);
5 10 70 1 98000 70000 R15-;
5 10 28 0 98000 80000 R15+;
5 15 97000 79000 0 -1 "<v>/<value>O";
5 2 5.72;
5 11 R 15;
1 Bound 96750 70000 99000 80000;
9 res;
C 0 T 98000 80000;
(SymbolCall res);
5 10 72 1 42000 32000 R16-;
5 10 33 0 42000 42000 R16+;
5 15 41000 41000 0 -1 "<v>/<value>O";
5 2 3.73;
5 11 R 16;
1 Bound 40750 32000 43000 42000;
9 res;
C 0 T 42000 42000;
(SymbolCall res);
5 10 73 1 68000 32000 R17-;
5 10 34 0 68000 42000 R17+;
5 15 67000 41000 0 -1 "<v>/<value>O";
5 2 4.85;
5 11 R 17;
1 Bound 66750 32000 69000 42000;
9 res;
C 0 T 68000 42000;
(SymbolCall res);
5 10 74 1 -14000 15000 R18-;
5 10 36 0 -24000 15000 R18+;
5 15 -23000 14000 1 0 "<v>/<value>O";
5 2 4.85;
5 11 R 18;
1 Bound -24000 13750 -14000 16000;
( Rotate 90 );
9 res;
C 0 R 0 1 T -24000 15000;
(SymbolCall res);
5 10 76 1 -24000 -1000 R19-;
5 10 36 0 -24000 9000 R19+;
5 15 -25000 8000 0 -1 "<v>/<value>O";
5 2 3.88;
5 11 R 19;
1 Bound -25250 -1000 -23000 9000;
9 res;
C 0 T -24000 9000;
(SymbolCall res);
5 10 77 1 36000 -9000 R20-;
5 10 39 0 26000 -9000 R20+;
5 15 27000 -10000 1 0 "<v>/<value>O";
5 2 2.98;
5 11 R 20;
1 Bound 26000 -10250 36000 -8000;
( Rotate 90 );
9 res;
C 0 R 0 1 T 26000 -9000;
(SymbolCall res);
5 10 79 1 52000 -25000 R21-;
5 10 40 0 52000 -15000 R21+;
5 15 51000 -16000 0 -1 "<v>/<value>O";
5 2 3.23;
5 11 R 21;
1 Bound 50750 -25000 53000 -15000;
9 res;
C 0 T 52000 -15000;
(SymbolCall res);
5 10 81 1 88000 -25000 R22-;
5 10 41 0 88000 -15000 R22+;
5 15 87000 -16000 0 -1 "<v>/<value>O";
5 2 4.85;
5 11 R 22;
1 Bound 86750 -25000 89000 -15000;
9 res;
C 0 T 88000 -15000;
(SymbolCall res);
5 10 83 1 114000 -25000 R23-;
5 10 42 0 114000 -15000 R23+;
5 15 113000 -16000 0 -1 "<v>/<value>O";
5 2 3.88;
5 11 R 23;
1 Bound 112750 -25000 115000 -15000;
9 res;
C 0 T 114000 -15000;
(SymbolCall res);
5 10 84 1 -14000 -19000 R24-;
5 10 43 0 -24000 -19000 R24+;
5 15 -23000 -20000 1 0 "<v>/<value>O";
5 2 4.85;
5 11 R 24;
1 Bound -24000 -20250 -14000 -18000;
( Rotate 90 );
9 res;
C 0 R 0 1 T -24000 -19000;
(SymbolCall res);
5 10 86 1 -24000 -35000 R25-;
5 10 43 0 -24000 -25000 R25+;
5 15 -25000 -26000 0 -1 "<v>/<value>O";
5 2 3.88;
5 11 R 25;
1 Bound -25250 -35000 -23000 -25000;
9 res;
C 0 T -24000 -25000;
L SCED;
5 10 6;
W2 0 -32000 130000 -38000 130000;
5 10 7;
W2 0 -22000 130000 -22000 120000 -21000 120000 -15000 120000 -15000 110000;
5 10 8;
W2 0 -12000 130000 -6000 130000;
5 10 9;
W2 0 10000 130000 4000 130000;
5 10 10;
W2 0 20000 130000 20000 120000 16000 120000;
5 10 11;
W2 0 30000 130000 36000 130000;
5 10 12;
W2 0 52000 130000 46000 130000;
5 10 13;
W2 0 62000 130000 62000 120000 52000 120000;
5 10 14;
W2 0 72000 130000 78000 130000;
5 10 15;
W2 0 94000 130000 88000 130000;
5 10 16;
W2 0 104000 130000 104000 120000 98000 120000;
5 10 17;
W2 0 114000 130000 120000 130000;
5 10 10;
W2 0 10000 120000 16000 120000 16000 110000;
5 10 13;
W2 0 46000 120000 52000 120000 52000 110000;
5 10 16;
W2 0 92000 120000 98000 120000 98000 110000;
5 10 18;
W2 0 -21000 100000 -15000 100000;
5 10 19;
W2 0 10000 100000 16000 100000;
5 10 20;
W2 0 46000 100000 52000 100000;
5 10 21;
W2 0 92000 100000 98000 100000;
5 10 22;
W2 0 0 90000 -21000 90000;
5 10 23;
W2 0 36000 90000 10000 90000;
5 10 24;
W2 0 82000 90000 46000 90000;
5 10 25;
W2 0 -21000 80000 -15000 80000;
5 10 26;
W2 0 16000 80000 10000 80000;
5 10 27;
W2 0 46000 80000 52000 80000;
5 10 28;
W2 0 92000 80000 98000 80000;
5 10 29;
W2 0 -21000 70000 -21000 60000 -15000 60000 -15000 21000 16000 21000
  16000 -15000;
5 10 30;
W2 0 10000 70000 10000 60000 16000 60000 16000 25000 19000 25000 19000 1000
  62000 1000 62000 -15000;
5 10 31;
W2 0 46000 70000 46000 60000 52000 60000 52000 42000;
5 10 32;
W2 0 92000 70000 92000 60000 98000 60000 98000 -15000;
5 10 3;
W2 0 26000 42000 -48000 42000;
5 10 33;
W2 0 36000 42000 42000 42000;
5 10 34;
W2 0 62000 42000 68000 42000;
5 10 35;
W2 0 72000 -15000 72000 22000 68000 22000 62000 22000 62000 32000;
5 10 36;
W2 0 -30000 9000 -24000 9000 -24000 15000;
5 10 37;
W2 0 -14000 9000 -4000 9000 -4000 15000;
5 10 2;
W2 0 -40000 9000 -48000 9000;
5 10 38;
W2 0 6000 9000 6000 -15000 6000 -25000;
5 10 39;
W2 0 26000 -9000 26000 -15000;
5 10 40;
W2 0 36000 -15000 46000 -15000 46000 -9000;
5 10 40;
W2 0 46000 -15000 52000 -15000;
5 10 41;
W2 0 88000 -15000 82000 -15000;
5 10 42;
W2 0 108000 -15000 114000 -15000;
5 10 5;
W2 0 124000 -15000 147000 -15000;
5 10 43;
W2 0 -30000 -25000 -24000 -25000 -24000 -19000;
5 10 44;
W2 0 -14000 -25000 -4000 -25000 -4000 -19000;
5 10 1;
W2 0 -40000 -25000 -48000 -25000;
L NAME;
5 16 L 0 11;
94 <<L0>> -39750 148750 320 1275 1000;
5 16 L 1 11;
94 <<L1>> -33750 148750 320 1050 1000;
5 16 L 2 11;
94 <<L2>> -13750 148750 320 1275 1000;
5 16 L 3 11;
94 <<L3>> -7750 148750 320 1275 1000;
5 16 L 4 11;
94 <<L4>> 2250 148750 320 1275 1000;
5 16 L 5 11;
94 <<L5>> 8250 148750 320 1275 1000;
5 16 L 6 11;
94 <<L6>> 28250 148750 320 1275 1000;
5 16 L 7 11;
94 <<L7>> 34250 148750 320 1275 1000;
5 16 L 8 11;
94 <<L8>> 44250 148750 320 1275 1000;
5 16 L 9 11;
94 <<L9>> 50250 148750 320 1275 1000;
5 16 L 10 11;
94 <<L10>> 70250 148750 320 1650 1000;
5 16 L 11 11;
94 <<L11>> 76250 148750 320 1425 1000;
5 16 L 12 11;
94 <<L12>> 86250 148750 320 1650 1000;
5 16 L 13 11;
94 <<L13>> 92250 148750 320 1650 1000;
5 16 L 14 11;
94 <<L14>> 112250 148750 320 1650 1000;
5 16 L 15 11;
94 <<L15>> 118250 148750 320 1650 1000;
5 16 R 0 11;
94 <<R0>> -39250 138750 320 1275 1000;
5 16 B 0 11;
94 <<B0>> -33750 138750 320 1275 1000;
5 16 R 1 11;
94 <<R1>> -13250 138750 320 1050 1000;
5 16 B 1 11;
94 <<B1>> -7750 138750 320 1050 1000;
5 16 R 2 11;
94 <<R2>> 2750 138750 320 1275 1000;
5 16 B 2 11;
94 <<B2>> 8250 138750 320 1275 1000;
5 16 R 3 11;
94 <<R3>> 28750 138750 320 1275 1000;
5 16 B 3 11;
94 <<B3>> 34250 138750 320 1275 1000;
5 16 R 4 11;
94 <<R4>> 44750 138750 320 1275 1000;
5 16 B 4 11;
94 <<B4>> 50250 138750 320 1275 1000;
5 16 R 5 11;
94 <<R5>> 70750 138750 320 1275 1000;
5 16 B 5 11;
94 <<B5>> 76250 138750 320 1275 1000;
5 16 R 6 11;
94 <<R6>> 86750 138750 320 1275 1000;
5 16 B 6 11;
94 <<B6>> 92250 138750 320 1275 1000;
5 16 R 7 11;
94 <<R7>> 112750 138750 320 1275 1000;
5 16 B 7 11;
94 <<B7>> 118250 138750 320 1275 1000;
5 16 L 16 11;
94 <<L16>> -47750 130250 0 1650 1000;
5 16 L 17 11;
94 <<L17>> -31750 130250 0 1650 1000;
5 16 L 18 11;
94 <<L18>> -21750 130250 0 1650 1000;
5 16 L 19 11;
94 <<L19>> -5750 130250 0 1650 1000;
5 16 L 20 11;
94 <<L20>> 10250 130250 0 1875 1000;
5 16 L 21 11;
94 <<L21>> 20250 130250 0 1650 1000;
5 16 L 22 11;
94 <<L22>> 36250 130250 0 1875 1000;
5 16 L 23 11;
94 <<L23>> 52250 130250 0 1875 1000;
5 16 L 24 11;
94 <<L24>> 62250 130250 0 1875 1000;
5 16 L 25 11;
94 <<L25>> 78250 130250 0 1875 1000;
5 16 L 26 11;
94 <<L26>> 94250 130250 0 1875 1000;
5 16 L 27 11;
94 <<L27>> 104250 130250 0 1875 1000;
5 16 L 28 11;
94 <<L28>> -22750 118750 320 1875 1000;
5 16 L 29 11;
94 <<L29>> 8250 118750 320 1875 1000;
5 16 L 30 11;
94 <<L30>> 44250 118750 320 1875 1000;
5 16 L 31 11;
94 <<L31>> 90250 118750 320 1650 1000;
5 16 R 8 11;
94 <<R8>> -22250 108750 320 1275 1000;
5 16 B 8 11;
94 <<B8>> -16750 108750 320 1275 1000;
5 16 R 9 11;
94 <<R9>> 8750 108750 320 1275 1000;
5 16 B 9 11;
94 <<B9>> 14250 108750 320 1275 1000;
5 16 R 10 11;
94 <<R10>> 44750 108750 320 1650 1000;
5 16 B 10 11;
94 <<B10>> 50250 108750 320 1650 1000;
5 16 R 11 11;
94 <<R11>> 90750 108750 320 1425 1000;
5 16 B 11 11;
94 <<B11>> 96250 108750 320 1425 1000;
5 16 L 32 11;
94 <<L32>> -22750 98750 320 1875 1000;
5 16 L 33 11;
94 <<L33>> 8250 98750 320 1875 1000;
5 16 L 34 11;
94 <<L34>> 44250 98750 320 1875 1000;
5 16 L 35 11;
94 <<L35>> 90250 98750 320 1875 1000;
5 16 I 0 11;
94 <<I0>> -40750 92250 0 975 1000;
5 16 L 36 11;
94 <<L36>> -30750 91750 0 1875 1000;
5 16 L 37 11;
94 <<L37>> 250 91750 0 1875 1000;
5 16 L 38 11;
94 <<L38>> 36250 91750 0 1875 1000;
5 16 L 39 11;
94 <<L39>> 82250 91750 0 1875 1000;
5 16 L 40 11;
94 <<L40>> -21250 88750 320 1875 1000;
5 16 L 41 11;
94 <<L41>> 9750 88750 320 1650 1000;
5 16 L 42 11;
94 <<L42>> 45750 88750 320 1875 1000;
5 16 L 43 11;
94 <<L43>> 91750 88750 320 1875 1000;
5 16 B 12 11;
94 <<B12>> -22750 78750 320 1650 1000;
5 16 R 12 11;
94 <<R12>> -16500 78750 320 1650 1000;
5 16 B 13 11;
94 <<B13>> 8250 78750 320 1650 1000;
5 16 R 13 11;
94 <<R13>> 14500 78750 320 1650 1000;
5 16 B 14 11;
94 <<B14>> 44250 78750 320 1650 1000;
5 16 R 14 11;
94 <<R14>> 50500 78750 320 1650 1000;
5 16 B 15 11;
94 <<B15>> 90250 78750 320 1650 1000;
5 16 R 15 11;
94 <<R15>> 96500 78750 320 1650 1000;
5 16 L 44 11;
94 <<L44>> -15250 68750 320 1875 1000;
5 16 L 45 11;
94 <<L45>> 15750 68750 320 1875 1000;
5 16 L 46 11;
94 <<L46>> 51750 68750 320 1875 1000;
5 16 L 47 11;
94 <<L47>> 97750 68750 320 1875 1000;
5 16 L 48 11;
94 <<L48>> 26250 43750 0 1875 1000;
5 16 L 49 11;
94 <<L49>> 42250 43750 0 1875 1000;
5 16 L 50 11;
94 <<L50>> 52250 43750 0 1875 1000;
5 16 B 16 11;
94 <<B16>> 34250 40750 320 1650 1000;
5 16 R 16 11;
94 <<R16>> 40500 40750 320 1650 1000;
5 16 B 17 11;
94 <<B17>> 60250 40750 320 1650 1000;
5 16 R 17 11;
94 <<R17>> 66500 40750 320 1650 1000;
5 16 L 51 11;
94 <<L51>> 35750 30750 320 1650 1000;
5 16 L 52 11;
94 <<L52>> 41750 30750 320 1875 1000;
5 16 L 53 11;
94 <<L53>> 67750 30750 320 1875 1000;
5 16 L 54 11;
94 <<L54>> -13750 16750 0 1875 1000;
5 16 R 18 11;
94 <<R18>> -23750 16250 0 1650 1000;
5 16 L 55 11;
94 <<L55>> -39750 10750 0 1875 1000;
5 16 B 18 11;
94 <<B18>> -23750 10750 0 1650 1000;
5 16 L 56 11;
94 <<L56>> -3750 10750 0 1875 1000;
5 16 B 19 11;
94 <<B19>> -31750 7750 320 1650 1000;
5 16 R 19 11;
94 <<R19>> -25500 7750 320 1650 1000;
5 16 L 57 11;
94 <<L57>> -30250 -2250 320 1875 1000;
5 16 L 58 11;
94 <<L58>> -24250 -2250 320 1875 1000;
5 16 L 59 11;
94 <<L59>> 36250 -7250 0 1875 1000;
5 16 R 20 11;
94 <<R20>> 26250 -7750 0 1875 1000;
5 16 L 60 11;
94 <<L60>> 6250 -13250 0 1875 1000;
5 16 L 61 11;
94 <<L61>> 16250 -13250 0 1650 1000;
5 16 B 20 11;
94 <<B20>> 26250 -13250 0 1875 1000;
5 16 L 62 11;
94 <<L62>> 52250 -13250 0 1875 1000;
5 16 L 63 11;
94 <<L63>> 62250 -13250 0 1875 1000;
5 16 L 64 11;
94 <<L64>> 72250 -13250 0 1875 1000;
5 16 L 65 11;
94 <<L65>> 88250 -13250 0 1875 1000;
5 16 L 66 11;
94 <<L66>> 98250 -13250 0 1875 1000;
5 16 L 67 11;
94 <<L67>> 114250 -13250 0 1875 1000;
5 16 L 68 11;
94 <<L68>> -13750 -17250 0 1875 1000;
5 16 B 21 11;
94 <<B21>> 44250 -16250 320 1650 1000;
5 16 R 21 11;
94 <<R21>> 50500 -16250 320 1650 1000;
5 16 B 22 11;
94 <<B22>> 80250 -16250 320 1875 1000;
5 16 R 22 11;
94 <<R22>> 86500 -16250 320 1875 1000;
5 16 B 23 11;
94 <<B23>> 106250 -16250 320 1875 1000;
5 16 R 23 11;
94 <<R23>> 112500 -16250 320 1875 1000;
5 16 R 24 11;
94 <<R24>> -23750 -17750 0 1875 1000;
5 16 L 69 11;
94 <<L69>> -39750 -23250 0 1875 1000;
5 16 B 24 11;
94 <<B24>> -23750 -23250 0 1875 1000;
5 16 L 70 11;
94 <<L70>> -3750 -23250 0 1875 1000;
5 16 B 25 11;
94 <<B25>> -31750 -26250 320 1875 1000;
5 16 R 25 11;
94 <<R25>> -25500 -26250 320 1875 1000;
5 16 L 71 11;
94 <<L71>> 45750 -26250 320 1650 1000;
5 16 L 72 11;
94 <<L72>> 51750 -26250 320 1875 1000;
5 16 L 73 11;
94 <<L73>> 81750 -26250 320 1875 1000;
5 16 L 74 11;
94 <<L74>> 87750 -26250 320 1875 1000;
5 16 L 75 11;
94 <<L75>> 107750 -26250 320 1875 1000;
5 16 L 76 11;
94 <<L76>> 113750 -26250 320 1875 1000;
5 16 L 77 11;
94 <<L77>> -30250 -36250 320 1875 1000;
5 16 L 78 11;
94 <<L78>> -24250 -36250 320 1875 1000;
L MODL;
5 16 B 0 1;
94 <<jjmit>> -30250 139750 256 2550 1000;
5 16 B 1 1;
94 <<jjmit>> -4250 139750 256 2550 1000;
5 16 B 2 1;
94 <<jjmit>> 11750 139750 256 2550 1000;
5 16 B 3 1;
94 <<jjmit>> 37750 139750 256 2550 1000;
5 16 B 4 1;
94 <<jjmit>> 53750 139750 256 2550 1000;
5 16 B 5 1;
94 <<jjmit>> 79750 139750 256 2550 1000;
5 16 B 6 1;
94 <<jjmit>> 95750 139750 256 2550 1000;
5 16 B 7 1;
94 <<jjmit>> 121750 139750 256 2550 1000;
5 16 B 8 1;
94 <<jjmit>> -13250 109750 256 2550 1000;
5 16 B 9 1;
94 <<jjmit>> 17750 109750 256 2550 1000;
5 16 B 10 1;
94 <<jjmit>> 53750 109750 256 2550 1000;
5 16 B 11 1;
94 <<jjmit>> 99750 109750 256 2550 1000;
5 16 B 12 1;
94 <<jjmit>> -19250 79750 256 2550 1000;
5 16 B 13 1;
94 <<jjmit>> 11750 79750 256 2550 1000;
5 16 B 14 1;
94 <<jjmit>> 47750 79750 256 2550 1000;
5 16 B 15 1;
94 <<jjmit>> 93750 79750 256 2550 1000;
5 16 B 16 1;
94 <<jjmit>> 37750 41750 256 2550 1000;
5 16 B 17 1;
94 <<jjmit>> 63750 41750 256 2550 1000;
5 16 B 19 1;
94 <<jjmit>> -28250 8750 256 2550 1000;
5 16 B 18 1;
94 <<jjmit>> -14250 7250 320 2550 1000;
5 16 B 21 1;
94 <<jjmit>> 47750 -15250 256 2550 1000;
5 16 B 22 1;
94 <<jjmit>> 83750 -15250 256 2550 1000;
5 16 B 23 1;
94 <<jjmit>> 109750 -15250 256 2550 1000;
5 16 B 20 1;
94 <<jjmit>> 35750 -16750 320 2550 1000;
5 16 B 25 1;
94 <<jjmit>> -28250 -25250 256 2550 1000;
5 16 B 24 1;
94 <<jjmit>> -14250 -26750 320 2550 1000;
L VALU;
5 16 L 0 2;
94 <<1p>> -37750 149750 33024 1050 1000;
5 16 L 1 2;
94 <<0.2p>> -31750 149750 33024 2100 1000;
5 16 L 2 2;
94 <<1p>> -11750 149750 33024 1050 1000;
5 16 L 3 2;
94 <<0.2p>> -5750 149750 33024 2100 1000;
5 16 L 4 2;
94 <<1p>> 4250 149750 33024 1050 1000;
5 16 L 5 2;
94 <<0.2p>> 10250 149750 33024 2100 1000;
5 16 L 6 2;
94 <<1p>> 30250 149750 33024 1050 1000;
5 16 L 7 2;
94 <<0.2p>> 36250 149750 33024 2100 1000;
5 16 L 8 2;
94 <<1p>> 46250 149750 33024 1050 1000;
5 16 L 9 2;
94 <<0.2p>> 52250 149750 33024 2100 1000;
5 16 L 10 2;
94 <<1p>> 72250 149750 33024 1050 1000;
5 16 L 11 2;
94 <<0.2p>> 78250 149750 33024 2100 1000;
5 16 L 12 2;
94 <<1p>> 88250 149750 33024 1050 1000;
5 16 L 13 2;
94 <<0.2p>> 94250 149750 33024 2100 1000;
5 16 L 14 2;
94 <<1p>> 114250 149750 33024 1050 1000;
5 16 L 15 2;
94 <<0.2p>> 120250 149750 33024 2100 1000;
5 16 R 0 2;
94 <<2.77>> -36500 139750 33024 2100 1000;
5 16 R 1 2;
94 <<2.77>> -10500 139750 33024 2100 1000;
5 16 R 2 2;
94 <<3.88>> 5500 139750 33024 2100 1000;
5 16 R 3 2;
94 <<3.88>> 31500 139750 33024 2100 1000;
5 16 R 4 2;
94 <<3.88>> 47500 139750 33024 2100 1000;
5 16 R 5 2;
94 <<3.88>> 73500 139750 33024 2100 1000;
5 16 R 6 2;
94 <<3.88>> 89500 139750 33024 2100 1000;
5 16 R 7 2;
94 <<3.88>> 115500 139750 33024 2100 1000;
5 16 L 16 2;
94 <<2p>> -38250 128250 33088 1275 1000;
5 16 L 17 2;
94 <<2p>> -22250 128250 33088 1275 1000;
5 16 L 18 2;
94 <<2p>> -12250 128250 33088 1275 1000;
5 16 L 19 2;
94 <<2p>> 3750 128250 33088 1275 1000;
5 16 L 20 2;
94 <<2p>> 19750 128250 33088 1275 1000;
5 16 L 21 2;
94 <<2p>> 29750 128250 33088 1275 1000;
5 16 L 22 2;
94 <<2p>> 45750 128250 33088 1275 1000;
5 16 L 23 2;
94 <<2p>> 61750 128250 33088 1275 1000;
5 16 L 24 2;
94 <<2p>> 71750 128250 33088 1275 1000;
5 16 L 25 2;
94 <<2p>> 87750 128250 33088 1275 1000;
5 16 L 26 2;
94 <<2p>> 103750 128250 33088 1275 1000;
5 16 L 27 2;
94 <<2p>> 113750 128250 33088 1275 1000;
5 16 L 28 2;
94 <<1p>> -20750 119750 33024 1050 1000;
5 16 L 29 2;
94 <<1p>> 10250 119750 33024 1050 1000;
5 16 L 30 2;
94 <<1p>> 46250 119750 33024 1050 1000;
5 16 L 31 2;
94 <<1p>> 92250 119750 33024 1050 1000;
5 16 R 8 2;
94 <<1.372>> -19500 109750 33024 2475 1000;
5 16 R 9 2;
94 <<1.96>> 11500 109750 33024 1875 1000;
5 16 R 10 2;
94 <<1.96>> 47500 109750 33024 1875 1000;
5 16 R 11 2;
94 <<1.96>> 93500 109750 33024 1875 1000;
5 16 L 32 2;
94 <<400p>> -20750 99750 33024 2475 1000;
5 16 L 33 2;
94 <<400p>> 10250 99750 33024 2475 1000;
5 16 L 34 2;
94 <<400p>> 46250 99750 33024 2475 1000;
5 16 L 35 2;
94 <<400p>> 92250 99750 33024 2475 1000;
5 16 L 36 2;
94 <<1p>> -21250 89750 33088 1050 1000;
5 16 L 40 2;
94 <<400p>> -19250 89750 33024 2475 1000;
5 16 L 37 2;
94 <<1p>> 9750 89750 33088 1050 1000;
5 16 L 41 2;
94 <<400p>> 11750 89750 33024 2475 1000;
5 16 L 38 2;
94 <<1p>> 45750 89750 33088 1050 1000;
5 16 L 42 2;
94 <<400p>> 47750 89750 33024 2475 1000;
5 16 L 39 2;
94 <<1p>> 91750 89750 33088 1050 1000;
5 16 L 43 2;
94 <<400p>> 93750 89750 33024 2475 1000;
5 16 I 0 2;
94 <<pwl(0 0 5p 2220u)>> -31250 87750 33088 9375 1000;
5 16 R 12 2;
94 <<1.56>> -13750 79750 33024 1875 1000;
5 16 R 13 2;
94 <<6.24>> 17250 79750 33024 2100 1000;
5 16 R 14 2;
94 <<3.43>> 53250 79750 33024 2100 1000;
5 16 R 15 2;
94 <<5.72>> 99250 79750 33024 2100 1000;
5 16 L 44 2;
94 <<1p>> -13250 69750 33024 1050 1000;
5 16 L 45 2;
94 <<1p>> 17750 69750 33024 1050 1000;
5 16 L 46 2;
94 <<1p>> 53750 69750 33024 1050 1000;
5 16 L 47 2;
94 <<1p>> 99750 69750 33024 1050 1000;
5 16 L 48 2;
94 <<2.5p>> 35750 41750 33088 2100 1000;
5 16 R 16 2;
94 <<3.73>> 43250 41750 33024 2100 1000;
5 16 L 49 2;
94 <<3.13p>> 51750 41750 33088 2475 1000;
5 16 L 50 2;
94 <<1.43p>> 61750 41750 33088 2475 1000;
5 16 R 17 2;
94 <<4.85>> 69250 41750 33024 2100 1000;
5 16 L 51 2;
94 <<0.2p>> 37750 31750 33024 2100 1000;
5 16 L 52 2;
94 <<1p>> 43750 31750 33024 1050 1000;
5 16 L 53 2;
94 <<1p>> 69750 31750 33024 1050 1000;
5 16 L 54 2;
94 <<1p>> -4250 14750 33088 1050 1000;
5 16 R 18 2;
94 <<4.85>> -14250 13500 33088 2100 1000;
5 16 L 55 2;
94 <<3p>> -30250 8750 33088 1275 1000;
5 16 R 19 2;
94 <<3.88>> -22750 8750 33024 2100 1000;
5 16 L 56 2;
94 <<1.9p>> 5750 8750 33088 1875 1000;
5 16 L 57 2;
94 <<0.2p>> -28250 -1250 33024 2100 1000;
5 16 L 58 2;
94 <<1p>> -22250 -1250 33024 1050 1000;
5 16 L 59 2;
94 <<1p>> 45750 -9250 33088 1050 1000;
5 16 R 20 2;
94 <<2.98>> 35750 -10500 33088 2100 1000;
5 16 L 60 2;
94 <<0.6p>> 15750 -15250 33088 2100 1000;
5 16 L 61 2;
94 <<2.1p>> 25750 -15250 33088 1875 1000;
5 16 R 21 2;
94 <<3.23>> 53250 -15250 33024 2100 1000;
5 16 L 62 2;
94 <<0.4p>> 61750 -15250 33088 2100 1000;
5 16 L 63 2;
94 <<7.362p>> 71750 -15250 33088 3300 1000;
5 16 L 64 2;
94 <<2.27p>> 81750 -15250 33088 2700 1000;
5 16 R 22 2;
94 <<4.85>> 89250 -15250 33024 2100 1000;
5 16 L 65 2;
94 <<3.2p>> 97750 -15250 33088 2100 1000;
5 16 L 66 2;
94 <<1.1p>> 107750 -15250 33088 1650 1000;
5 16 R 23 2;
94 <<3.88>> 115250 -15250 33024 2100 1000;
5 16 L 67 2;
94 <<3.291p>> 123750 -15250 33088 3075 1000;
5 16 L 68 2;
94 <<1p>> -4250 -19250 33088 1050 1000;
5 16 R 24 2;
94 <<4.85>> -14250 -20500 33088 2100 1000;
5 16 L 69 2;
94 <<3p>> -30250 -25250 33088 1275 1000;
5 16 R 25 2;
94 <<3.88>> -22750 -25250 33024 2100 1000;
5 16 L 70 2;
94 <<1.9p>> 5750 -25250 33088 1875 1000;
5 16 L 71 2;
94 <<0.2p>> 47750 -25250 33024 2100 1000;
5 16 L 72 2;
94 <<1p>> 53750 -25250 33024 1050 1000;
5 16 L 73 2;
94 <<0.2p>> 83750 -25250 33024 2100 1000;
5 16 L 74 2;
94 <<1p>> 89750 -25250 33024 1050 1000;
5 16 L 75 2;
94 <<0.2p>> 109750 -25250 33024 2100 1000;
5 16 L 76 2;
94 <<1p>> 115750 -25250 33024 1050 1000;
5 16 L 77 2;
94 <<0.2p>> -28250 -35250 33024 2100 1000;
5 16 L 78 2;
94 <<1p>> -22250 -35250 33024 1050 1000;
L PARM;
5 16 B 0 3;
94 <<area=3.5>> -30250 130250 32768 4425 1000;
5 16 B 1 3;
94 <<area=3.5>> -4250 130250 32768 4425 1000;
5 16 B 2 3;
94 <<area=2.5>> 11750 130250 32768 4425 1000;
5 16 B 3 3;
94 <<area=2.5>> 37750 130250 32768 4425 1000;
5 16 B 4 3;
94 <<area=2.5>> 53750 130250 32768 4425 1000;
5 16 B 5 3;
94 <<area=2.5>> 79750 130250 32768 4425 1000;
5 16 B 6 3;
94 <<area=2.5>> 95750 130250 32768 4425 1000;
5 16 B 7 3;
94 <<area=2.5>> 121750 130250 32768 4425 1000;
5 16 B 8 3;
94 <<area=5>> -13250 100250 32768 3600 1000;
5 16 B 9 3;
94 <<area=3.5>> 17750 100250 32768 4425 1000;
5 16 B 10 3;
94 <<area=3.5>> 53750 100250 32768 4425 1000;
5 16 B 11 3;
94 <<area=3.5>> 99750 100250 32768 4425 1000;
5 16 B 12 3;
94 <<area=4.4>> -19250 70250 32768 4425 1000;
5 16 B 13 3;
94 <<area=1.1>> 11750 70250 32768 3975 1000;
5 16 B 14 3;
94 <<area=2>> 47750 70250 32768 3600 1000;
5 16 B 15 3;
94 <<area=1.2>> 93750 70250 32768 4200 1000;
5 16 B 16 3;
94 <<area=2.6>> 37750 32250 32768 4425 1000;
5 16 B 17 3;
94 <<area=2>> 63750 32250 32768 3600 1000;
5 16 B 18 3;
94 <<area=2>> -23750 6250 33024 3600 1000;
5 16 B 19 3;
94 <<area=2.5>> -28250 -750 32768 4425 1000;
5 16 B 20 3;
94 <<area=3.25>> 26250 -17750 33024 5025 1000;
5 16 B 21 3;
94 <<area=3>> 47750 -24750 32768 3600 1000;
5 16 B 22 3;
94 <<area=2>> 83750 -24750 32768 3600 1000;
5 16 B 23 3;
94 <<area=2.5>> 109750 -24750 32768 4425 1000;
5 16 B 24 3;
94 <<area=2>> -23750 -27750 33024 3600 1000;
5 16 B 25 3;
94 <<area=2.5>> -28250 -34750 32768 4425 1000;
DF;
E
* Generated by Xic from cell ERSFQ_OR2
.tran 0.5p 1000p 0 0.25p UIC
B0 6 46 87 jjmit area=3.5
B1 8 48 88 jjmit area=3.5
B2 9 50 89 jjmit area=2.5
B3 11 52 90 jjmit area=2.5
B4 12 54 91 jjmit area=2.5
B5 14 56 92 jjmit area=2.5
B6 15 58 93 jjmit area=2.5
B7 17 60 94 jjmit area=2.5
B8 18 7 95 jjmit area=5
B9 19 10 96 jjmit area=3.5
B10 20 13 97 jjmit area=3.5
B11 21 16 98 jjmit area=3.5
B12 25 29 99 jjmit area=4.4
B13 26 30 100 jjmit area=1.1
B14 27 31 101 jjmit area=2
B15 28 32 102 jjmit area=1.2
B16 33 71 103 jjmit area=2.6
B17 34 35 104 jjmit area=2
B18 36 37 105 jjmit area=2
B19 36 75 106 jjmit area=2.5
B20 39 40 107 jjmit area=3.25
B21 40 78 108 jjmit area=3
B22 41 80 109 jjmit area=2
B23 42 82 110 jjmit area=2.5
B24 43 44 111 jjmit area=2
B25 43 85 112 jjmit area=2.5
I0 0 66 pwl(0 0 5p 2220u)
L0 45 0 1p
L1 46 0 0.2p
L2 47 0 1p
L3 48 0 0.2p
L4 49 0 1p
L5 50 0 0.2p
L6 51 0 1p
L7 52 0 0.2p
L8 53 0 1p
L9 54 0 0.2p
L10 55 0 1p
L11 56 0 0.2p
L12 57 0 1p
L13 58 0 0.2p
L14 59 0 1p
L15 60 0 0.2p
L16 6 IBIAS 2p
L17 7 6 2p
L18 8 7 2p
L19 9 8 2p
L20 10 9 2p
L21 11 10 2p
L22 12 11 2p
L23 13 12 2p
L24 14 13 2p
L25 15 14 2p
L26 16 15 2p
L27 17 16 2p
L28 61 7 1p
L29 62 10 1p
L30 63 13 1p
L31 64 16 1p
L32 22 18 400p
L33 23 19 400p
L34 24 20 400p
L35 65 21 400p
L36 66 22 1p
L37 22 23 1p
L38 23 24 1p
L39 24 65 1p
L40 22 25 400p
L41 23 26 400p
L42 24 27 400p
L43 65 28 400p
L44 67 29 1p
L45 68 30 1p
L46 69 31 1p
L47 70 32 1p
L48 INCLK 33 2.5p
L49 33 31 3.13p
L50 31 34 1.43p
L51 71 0 0.2p
L52 72 0 1p
L53 73 35 1p
L54 74 37 1p
L55 IN2 36 3p
L56 37 38 1.9p
L57 75 0 0.2p
L58 76 0 1p
L59 77 40 1p
L60 38 29 0.6p
L61 29 39 2.1p
L62 40 30 0.4p
L63 30 35 7.362p
L64 35 41 2.27p
L65 41 32 3.2p
L66 32 42 1.1p
L67 42 OUT 3.291p
L68 84 44 1p
L69 IN1 43 3p
L70 44 38 1.9p
L71 78 0 0.2p
L72 79 0 1p
L73 80 0 0.2p
L74 81 0 1p
L75 82 0 0.2p
L76 83 0 1p
L77 85 0 0.2p
L78 86 0 1p
R0 6 45 2.77
R1 8 47 2.77
R2 9 49 3.88
R3 11 51 3.88
R4 12 53 3.88
R5 14 55 3.88
R6 15 57 3.88
R7 17 59 3.88
R8 18 61 1.372
R9 19 62 1.96
R10 20 63 1.96
R11 21 64 1.96
R12 25 67 1.56
R13 26 68 6.24
R14 27 69 3.43
R15 28 70 5.72
R16 33 72 3.73
R17 34 73 4.85
R18 36 74 4.85
R19 36 76 3.88
R20 39 77 2.98
R21 40 79 3.23
R22 41 81 4.85
R23 42 83 3.88
R24 43 84 4.85
R25 43 86 3.88
.model jjmit jj(rtype=1, vg=2.8mV, cap=0.07pF, r0=160, rn=16, icrit=0.1mA)

* YBCO
.save @I0[c]
