(Symbol ERSFQ_SPLIT);
($Id:$);
(PHYSICAL);
(RESOLUTION 1000);
9 ERSFQ_SPLIT;
DS 0 1 1;
DF;
E
(ELECTRICAL);
(RESOLUTION 1000);
5 10 1 0 -35000 10000 0x0 IIN;
5 10 2 1 -35000 89000 0x0 IBIAS;
5 10 3 2 35000 29000 0x0 OUT1;
5 10 4 3 35000 -2000 0x0 OUT2;
5 11 X 0 subckt;
9 ERSFQ_SPLIT;
DS 0 1 1;
(SymbolCall gnd);
5 10 0 0 -25000 109000;
1 Bound -26000 109000 -24000 111600;
( Rotate 180 );
9 gnd;
C 0 R -1 0 T -24000 110000;
(SymbolCall gnd);
5 10 0 0 -19000 109000;
1 Bound -20000 109000 -18000 111600;
( Rotate 180 );
9 gnd;
C 0 R -1 0 T -18000 110000;
(SymbolCall gnd);
5 10 0 0 1000 109000;
1 Bound 0 109000 2000 111600;
( Rotate 180 );
9 gnd;
C 0 R -1 0 T 2000 110000;
(SymbolCall gnd);
5 10 0 0 7000 109000;
1 Bound 6000 109000 8000 111600;
( Rotate 180 );
9 gnd;
C 0 R -1 0 T 8000 110000;
(SymbolCall gnd);
5 10 0 0 -29000 46000;
1 Bound -30000 43400 -28000 46000;
9 gnd;
C 0 T -30000 45000;
(SymbolCall gnd);
5 10 0 0 19000 9000;
1 Bound 18000 6400 20000 9000;
9 gnd;
C 0 T 18000 8000;
(SymbolCall gnd);
5 10 0 0 25000 9000;
1 Bound 24000 6400 26000 9000;
9 gnd;
C 0 T 24000 8000;
(SymbolCall gnd);
5 10 0 0 -19000 -10000;
1 Bound -20000 -12600 -18000 -10000;
9 gnd;
C 0 T -20000 -11000;
(SymbolCall gnd);
5 10 0 0 -13000 -10000;
1 Bound -14000 -12600 -12000 -10000;
9 gnd;
C 0 T -14000 -11000;
(SymbolCall gnd);
5 10 0 0 19000 -22000;
1 Bound 18000 -24600 20000 -22000;
9 gnd;
C 0 T 18000 -23000;
(SymbolCall gnd);
5 10 0 0 25000 -22000;
1 Bound 24000 -24600 26000 -22000;
9 gnd;
C 0 T 24000 -23000;
(SymbolCall ind);
5 10 0 1 -25000 109000 L0-;
5 10 15 0 -25000 99000 L0+;
5 15 -26000 100000 0 1;
5 2 1p;
5 11 L 0;
1 Bound -26500 99000 -25000 109000;
( Rotate 180 );
9 ind;
C 0 R -1 0 T -24000 109000;
(SymbolCall ind);
5 10 0 1 -19000 109000 L1-;
5 10 16 0 -19000 99000 L1+;
5 15 -20000 100000 0 1;
5 2 0.2p;
5 11 L 1;
1 Bound -20500 99000 -19000 109000;
( Rotate 180 );
9 ind;
C 0 R -1 0 T -18000 109000;
(SymbolCall ind);
5 10 0 1 1000 109000 L2-;
5 10 17 0 1000 99000 L2+;
5 15 0 100000 0 1;
5 11 L 2;
5 2 1p;
1 Bound -500 99000 1000 109000;
( Rotate 180 );
9 ind;
C 0 R -1 0 T 2000 109000;
(SymbolCall ind);
5 10 0 1 7000 109000 L3-;
5 10 18 0 7000 99000 L3+;
5 15 6000 100000 0 1;
5 11 L 3;
5 2 0.2p;
1 Bound 5500 99000 7000 109000;
( Rotate 180 );
9 ind;
C 0 R -1 0 T 8000 109000;
(SymbolCall ind);
5 10 5 1 -25000 89000 L4-;
5 10 2 0 -35000 89000 L4+;
5 15 -34000 90000 1 0;
5 2 2p;
5 11 L 4;
1 Bound -35000 89000 -25000 90500;
( Rotate 90 );
9 ind;
C 0 R 0 1 T -25000 88000;
(SymbolCall ind);
5 10 6 1 -9000 89000 L5-;
5 10 5 0 -19000 89000 L5+;
5 15 -18000 90000 1 0;
5 2 2p;
5 11 L 5;
1 Bound -19000 89000 -9000 90500;
( Rotate 90 );
9 ind;
C 0 R 0 1 T -9000 88000;
(SymbolCall ind);
5 10 7 1 1000 89000 L6-;
5 10 6 0 -9000 89000 L6+;
5 15 -8000 90000 1 0;
5 2 2p;
5 11 L 6;
1 Bound -9000 89000 1000 90500;
( Rotate 90 );
9 ind;
C 0 R 0 1 T 1000 88000;
(SymbolCall ind);
5 10 6 1 -9000 76000 L7-;
5 10 19 0 -9000 66000 L7+;
5 15 -10000 67000 0 1;
5 11 L 7;
5 2 1p;
1 Bound -10500 66000 -9000 76000;
( Rotate 180 );
9 ind;
C 0 R -1 0 T -8000 76000;
(SymbolCall ind);
5 11 L 8;
5 2 400p;
5 10 20 0 -9000 46000 L8+;
5 10 8 1 -9000 56000 L8-;
5 15 -10000 47000 0 1;
1 Bound -10500 46000 -9000 56000;
( Rotate 180 );
9 ind;
C 0 R -1 0 T -8000 56000;
(SymbolCall ind);
5 10 20 1 -9000 46000 L9-;
5 10 21 0 -19000 46000 L9+;
5 15 -18000 47000 1 0;
5 2 10p;
5 11 L 9;
1 Bound -19000 46000 -9000 47500;
( Rotate 90 );
9 ind;
C 0 R 0 1 T -9000 45000;
(SymbolCall ind);
5 10 9 1 -9000 36000 L10-;
5 10 20 0 -9000 46000 L10+;
5 15 -8000 45000 0 -1;
5 2 400p;
5 11 L 10;
1 Bound -9000 36000 -7500 46000;
9 ind;
C 0 T -10000 36000;
(SymbolCall ind);
5 10 11 1 19000 29000 L11-;
5 10 10 0 9000 29000 L11+;
5 15 10000 30000 1 0;
5 2 1.9p;
5 11 L 11;
1 Bound 9000 29000 19000 30500;
( Rotate 90 );
9 ind;
C 0 R 0 1 T 19000 28000;
(SymbolCall ind);
5 10 3 1 35000 29000 L12-;
5 10 11 0 25000 29000 L12+;
5 15 26000 30000 1 0;
5 2 2p;
5 11 L 12;
1 Bound 25000 29000 35000 30500;
( Rotate 90 );
9 ind;
C 0 R 0 1 T 35000 28000;
(SymbolCall ind);
5 10 12 1 -3000 16000 L13-;
5 10 22 0 -3000 26000 L13+;
5 15 -2000 25000 0 -1;
5 11 L 13;
5 2 1p;
1 Bound -3000 16000 -1500 26000;
9 ind;
C 0 T -4000 16000;
(SymbolCall ind);
5 10 0 1 19000 9000 L14-;
5 10 23 0 19000 19000 L14+;
5 15 20000 18000 0 -1;
5 11 L 14;
5 2 0.2p;
1 Bound 19000 9000 20500 19000;
9 ind;
C 0 T 18000 9000;
(SymbolCall ind);
5 10 0 1 25000 9000 L15-;
5 10 24 0 25000 19000 L15+;
5 15 26000 18000 0 -1;
5 11 L 15;
5 2 1p;
1 Bound 25000 9000 26500 19000;
9 ind;
C 0 T 24000 9000;
(SymbolCall ind);
5 10 13 1 -19000 10000 L16-;
5 10 1 0 -29000 10000 L16+;
5 15 -28000 11000 1 0;
5 2 1.4p;
5 11 L 16;
1 Bound -29000 10000 -19000 11500;
( Rotate 90 );
9 ind;
C 0 R 0 1 T -19000 9000;
(SymbolCall ind);
5 10 12 1 -3000 10000 L17-;
5 10 13 0 -13000 10000 L17+;
5 15 -12000 11000 1 0;
5 2 2p;
5 11 L 17;
1 Bound -13000 10000 -3000 11500;
( Rotate 90 );
9 ind;
C 0 R 0 1 T -3000 9000;
(SymbolCall ind);
5 10 10 1 7000 10000 L18-;
5 10 12 0 -3000 10000 L18+;
5 15 -2000 11000 1 0;
5 2 0.4p;
5 11 L 18;
1 Bound -3000 10000 7000 11500;
( Rotate 90 );
9 ind;
C 0 R 0 1 T 7000 9000;
(SymbolCall ind);
5 10 0 1 -19000 -10000 L19-;
5 10 25 0 -19000 0 L19+;
5 15 -18000 -1000 0 -1;
5 2 0.2p;
5 11 L 19;
1 Bound -19000 -10000 -17500 0;
9 ind;
C 0 T -20000 -10000;
(SymbolCall ind);
5 10 0 1 -13000 -10000 L20-;
5 10 26 0 -13000 0 L20+;
5 15 -12000 -1000 0 -1;
5 2 1p;
5 11 L 20;
1 Bound -13000 -10000 -11500 0;
9 ind;
C 0 T -14000 -10000;
(SymbolCall ind);
5 10 14 1 19000 -2000 L21-;
5 10 10 0 9000 -2000 L21+;
5 15 10000 -1000 1 0;
5 2 1.9p;
5 11 L 21;
1 Bound 9000 -2000 19000 -500;
( Rotate 90 );
9 ind;
C 0 R 0 1 T 19000 -3000;
(SymbolCall ind);
5 10 4 1 35000 -2000 L22-;
5 10 14 0 25000 -2000 L22+;
5 15 26000 -1000 1 0;
5 2 2p;
5 11 L 22;
1 Bound 25000 -2000 35000 -500;
( Rotate 90 );
9 ind;
C 0 R 0 1 T 35000 -3000;
(SymbolCall ind);
5 10 0 1 19000 -22000 L23-;
5 10 27 0 19000 -12000 L23+;
5 15 20000 -13000 0 -1;
5 11 L 23;
5 2 0.2p;
1 Bound 19000 -22000 20500 -12000;
9 ind;
C 0 T 18000 -22000;
(SymbolCall ind);
5 10 0 1 25000 -22000 L24-;
5 10 28 0 25000 -12000 L24+;
5 15 26000 -13000 0 -1;
5 11 L 24;
5 2 1p;
1 Bound 25000 -22000 26500 -12000;
9 ind;
C 0 T 24000 -22000;
(SymbolCall isrc);
5 10 21 1 -19000 46000 I0_1;
5 10 0 0 -29000 46000 I0_0;
5 15 -23000 46000 1 0 @<name>[c];
5 2 pwl(0 0 5p 919u);
5 11 I 0;
5 5 nophys;
1 Bound -29000 44000 -19000 48000;
( Rotate 90 );
9 isrc;
C 0 R 0 1 T -19000 44000;
(SymbolCall jj);
5 10 29 2 -18000 91000 B0_2;
5 10 16 1 -19000 99000 B0-;
5 10 5 0 -19000 89000 B0+;
5 3 area=2.5;
5 1 jjmit;
5 11 B 0;
1 Bound -20500 89000 -17500 99000;
( Rotate 180 );
9 jj;
C 0 R -1 0 T -18000 99000;
(SymbolCall jj);
5 10 30 2 8000 91000 B1_2;
5 10 18 1 7000 99000 B1-;
5 10 7 0 7000 89000 B1+;
5 3 area=2.5;
5 11 B 1;
5 1 jjmit;
1 Bound 5500 89000 8500 99000;
( Rotate 180 );
9 jj;
C 0 R -1 0 T 8000 99000;
(SymbolCall jj);
5 10 31 2 -2000 58000 B2_2;
5 10 6 1 -3000 66000 B2-;
5 10 8 0 -3000 56000 B2+;
5 3 area=3.5;
5 11 B 2;
5 1 jjmit;
1 Bound -4500 56000 -1500 66000;
( Rotate 180 );
9 jj;
C 0 R -1 0 T -2000 66000;
(SymbolCall jj);
5 10 32 2 -10000 34000 B3_2;
5 10 12 1 -9000 26000 B3-;
5 10 9 0 -9000 36000 B3+;
5 3 area=5.69;
5 11 B 3;
5 1 jjmit;
1 Bound -10500 26000 -7500 36000;
9 jj;
C 0 T -10000 26000;
(SymbolCall jj);
5 10 33 2 18000 27000 B4_2;
5 10 23 1 19000 19000 B4-;
5 10 11 0 19000 29000 B4+;
5 3 area=2.5;
5 11 B 4;
5 1 jjmit;
1 Bound 17500 19000 20500 29000;
9 jj;
C 0 T 18000 19000;
(SymbolCall jj);
5 10 34 2 -20000 8000 B5_2;
5 10 25 1 -19000 0 B5-;
5 10 13 0 -19000 10000 B5+;
5 3 area=3.25;
5 1 jjmit;
5 11 B 5;
1 Bound -20500 0 -17500 10000;
9 jj;
C 0 T -20000 0;
(SymbolCall jj);
5 10 35 2 18000 -4000 B6_2;
5 10 27 1 19000 -12000 B6-;
5 10 14 0 19000 -2000 B6+;
5 3 area=2.5;
5 11 B 6;
5 1 jjmit;
1 Bound 17500 -12000 20500 -2000;
9 jj;
C 0 T 18000 -12000;
(SymbolCall res);
5 10 15 1 -25000 99000 R0-;
5 10 5 0 -25000 89000 R0+;
5 15 -24000 90000 0 1 "<v>/<value>O";
5 2 3.88;
5 11 R 0;
1 Bound -26000 89000 -23750 99000;
( Rotate 180 );
9 res;
C 0 R -1 0 T -25000 89000;
(SymbolCall res);
5 10 17 1 1000 99000 R1-;
5 10 7 0 1000 89000 R1+;
5 15 2000 90000 0 1 "<v>/<value>O";
5 2 3.88;
5 11 R 1;
1 Bound 0 89000 2250 99000;
( Rotate 180 );
9 res;
C 0 R -1 0 T 1000 89000;
(SymbolCall res);
5 10 19 1 -9000 66000 R2-;
5 10 8 0 -9000 56000 R2+;
5 15 -8000 57000 0 1 "<v>/<value>O";
5 2 2.77;
5 11 R 2;
1 Bound -10000 56000 -7750 66000;
( Rotate 180 );
9 res;
C 0 R -1 0 T -9000 56000;
(SymbolCall res);
5 10 22 1 -3000 26000 R3-;
5 10 9 0 -3000 36000 R3+;
5 15 -4000 35000 0 -1 "<v>/<value>O";
5 2 1.7;
5 11 R 3;
1 Bound -4250 26000 -2000 36000;
9 res;
C 0 T -3000 36000;
(SymbolCall res);
5 10 24 1 25000 19000 R4-;
5 10 11 0 25000 29000 R4+;
5 15 24000 28000 0 -1 "<v>/<value>O";
5 2 3.88;
5 11 R 4;
1 Bound 23750 19000 26000 29000;
9 res;
C 0 T 25000 29000;
(SymbolCall res);
5 10 26 1 -13000 0 R5-;
5 10 13 0 -13000 10000 R5+;
5 15 -14000 9000 0 -1 "<v>/<value>O";
5 2 2.98;
5 11 R 5;
1 Bound -14250 0 -12000 10000;
9 res;
C 0 T -13000 10000;
(SymbolCall res);
5 10 28 1 25000 -12000 R6-;
5 10 14 0 25000 -2000 R6+;
5 15 24000 -3000 0 -1 "<v>/<value>O";
5 2 3.88;
5 11 R 6;
1 Bound 23750 -12000 26000 -2000;
9 res;
C 0 T 25000 -2000;
L SCED;
5 10 5;
W2 0 -25000 89000 -19000 89000;
5 10 6;
W2 0 -9000 89000 -9000 76000 -3000 76000 -3000 66000;
5 10 7;
W2 0 1000 89000 7000 89000;
5 10 8;
W2 0 -9000 56000 -3000 56000;
5 10 9;
W2 0 -3000 36000 -9000 36000;
5 10 10;
W2 0 9000 29000 9000 10000 7000 10000;
5 10 11;
W2 0 19000 29000 25000 29000;
5 10 12;
W2 0 -9000 26000 -9000 16000 -3000 16000 -3000 10000;
5 10 1;
W2 0 -35000 10000 -29000 10000 -28000 10000;
5 10 13;
W2 0 -19000 10000 -13000 10000;
5 10 10;
W2 0 9000 10000 9000 -2000;
5 10 14;
W2 0 19000 -2000 25000 -2000;
L NAME;
5 16 L 0 11;
94 <<L0>> -26750 107750 320 1275 1000;
5 16 L 1 11;
94 <<L1>> -20750 107750 320 1050 1000;
5 16 L 2 11;
94 <<L2>> -750 107750 320 1275 1000;
5 16 L 3 11;
94 <<L3>> 5250 107750 320 1275 1000;
5 16 R 0 11;
94 <<R0>> -26250 97750 320 1275 1000;
5 16 B 0 11;
94 <<B0>> -20750 97750 320 1275 1000;
5 16 R 1 11;
94 <<R1>> -250 97750 320 1050 1000;
5 16 B 1 11;
94 <<B1>> 5250 97750 320 1050 1000;
5 16 L 4 11;
94 <<L4>> -34750 90750 0 1275 1000;
5 16 L 5 11;
94 <<L5>> -18750 90750 0 1275 1000;
5 16 L 6 11;
94 <<L6>> -8750 90750 0 1275 1000;
5 16 L 7 11;
94 <<L7>> -10750 74750 320 1275 1000;
5 16 R 2 11;
94 <<R2>> -10250 64750 320 1275 1000;
5 16 B 2 11;
94 <<B2>> -4750 64750 320 1275 1000;
5 16 L 8 11;
94 <<L8>> -10750 54750 320 1275 1000;
5 16 I 0 11;
94 <<I0>> -28750 48250 0 975 1000;
5 16 L 9 11;
94 <<L9>> -18750 47750 0 1275 1000;
5 16 L 10 11;
94 <<L10>> -9250 44750 320 1650 1000;
5 16 B 3 11;
94 <<B3>> -10750 34750 320 1275 1000;
5 16 R 3 11;
94 <<R3>> -4500 34750 320 1275 1000;
5 16 L 11 11;
94 <<L11>> 9250 30750 0 1425 1000;
5 16 L 12 11;
94 <<L12>> 25250 30750 0 1650 1000;
5 16 B 4 11;
94 <<B4>> 17250 27750 320 1275 1000;
5 16 R 4 11;
94 <<R4>> 23500 27750 320 1275 1000;
5 16 L 13 11;
94 <<L13>> -3250 24750 320 1650 1000;
5 16 L 14 11;
94 <<L14>> 18750 17750 320 1650 1000;
5 16 L 15 11;
94 <<L15>> 24750 17750 320 1650 1000;
5 16 L 16 11;
94 <<L16>> -28750 11750 0 1650 1000;
5 16 L 17 11;
94 <<L17>> -12750 11750 0 1650 1000;
5 16 L 18 11;
94 <<L18>> -2750 11750 0 1650 1000;
5 16 B 5 11;
94 <<B5>> -20750 8750 320 1275 1000;
5 16 R 5 11;
94 <<R5>> -14500 8750 320 1275 1000;
5 16 L 21 11;
94 <<L21>> 9250 -250 0 1650 1000;
5 16 L 22 11;
94 <<L22>> 25250 -250 0 1875 1000;
5 16 L 19 11;
94 <<L19>> -19250 -1250 320 1650 1000;
5 16 L 20 11;
94 <<L20>> -13250 -1250 320 1875 1000;
5 16 B 6 11;
94 <<B6>> 17250 -3250 320 1275 1000;
5 16 R 6 11;
94 <<R6>> 23500 -3250 320 1275 1000;
5 16 L 23 11;
94 <<L23>> 18750 -13250 320 1875 1000;
5 16 L 24 11;
94 <<L24>> 24750 -13250 320 1875 1000;
L MODL;
5 16 B 0 1;
94 <<jjmit>> -17250 98750 256 2550 1000;
5 16 B 1 1;
94 <<jjmit>> 8750 98750 256 2550 1000;
5 16 B 2 1;
94 <<jjmit>> -1250 65750 256 2550 1000;
5 16 B 3 1;
94 <<jjmit>> -7250 35750 256 2550 1000;
5 16 B 4 1;
94 <<jjmit>> 20750 28750 256 2550 1000;
5 16 B 5 1;
94 <<jjmit>> -17250 9750 256 2550 1000;
5 16 B 6 1;
94 <<jjmit>> 20750 -2250 256 2550 1000;
L VALU;
5 16 L 0 2;
94 <<1p>> -24750 108750 33024 1050 1000;
5 16 L 1 2;
94 <<0.2p>> -18750 108750 33024 2100 1000;
5 16 L 2 2;
94 <<1p>> 1250 108750 33024 1050 1000;
5 16 L 3 2;
94 <<0.2p>> 7250 108750 33024 2100 1000;
5 16 R 0 2;
94 <<3.88>> -23500 98750 33024 2100 1000;
5 16 R 1 2;
94 <<3.88>> 2500 98750 33024 2100 1000;
5 16 L 4 2;
94 <<2p>> -25250 88750 33088 1275 1000;
5 16 L 5 2;
94 <<2p>> -9250 88750 33088 1275 1000;
5 16 L 6 2;
94 <<2p>> 750 88750 33088 1275 1000;
5 16 L 7 2;
94 <<1p>> -8750 75750 33024 1050 1000;
5 16 R 2 2;
94 <<2.77>> -7500 65750 33024 2100 1000;
5 16 L 8 2;
94 <<400p>> -8750 55750 33024 2475 1000;
5 16 L 9 2;
94 <<10p>> -9250 45750 33088 1650 1000;
5 16 L 10 2;
94 <<400p>> -7250 45750 33024 2475 1000;
5 16 I 0 2;
94 <<pwl(0 0 5p 919u)>> -19250 43750 33088 8550 1000;
5 16 R 3 2;
94 <<1.7>> -1750 35750 33024 1275 1000;
5 16 L 11 2;
94 <<1.9p>> 18750 28750 33088 1875 1000;
5 16 R 4 2;
94 <<3.88>> 26250 28750 33024 2100 1000;
5 16 L 12 2;
94 <<2p>> 34750 28750 33088 1275 1000;
5 16 L 13 2;
94 <<1p>> -1250 25750 33024 1050 1000;
5 16 L 14 2;
94 <<0.2p>> 20750 18750 33024 2100 1000;
5 16 L 15 2;
94 <<1p>> 26750 18750 33024 1050 1000;
5 16 L 16 2;
94 <<1.4p>> -19250 9750 33088 1875 1000;
5 16 R 5 2;
94 <<2.98>> -11750 9750 33024 2100 1000;
5 16 L 17 2;
94 <<2p>> -3250 9750 33088 1275 1000;
5 16 L 18 2;
94 <<0.4p>> 6750 9750 33088 2100 1000;
5 16 L 19 2;
94 <<0.2p>> -17250 -250 33024 2100 1000;
5 16 L 20 2;
94 <<1p>> -11250 -250 33024 1050 1000;
5 16 L 21 2;
94 <<1.9p>> 18750 -2250 33088 1875 1000;
5 16 R 6 2;
94 <<3.88>> 26250 -2250 33024 2100 1000;
5 16 L 22 2;
94 <<2p>> 34750 -2250 33088 1275 1000;
5 16 L 23 2;
94 <<0.2p>> 20750 -12250 33024 2100 1000;
5 16 L 24 2;
94 <<1p>> 26750 -12250 33024 1050 1000;
L PARM;
5 16 B 0 3;
94 <<area=2.5>> -17250 89250 32768 4425 1000;
5 16 B 1 3;
94 <<area=2.5>> 8750 89250 32768 4425 1000;
5 16 B 2 3;
94 <<area=3.5>> -1250 56250 32768 4425 1000;
5 16 B 3 3;
94 <<area=5.69>> -7250 26250 32768 5025 1000;
5 16 B 4 3;
94 <<area=2.5>> 20750 19250 32768 4425 1000;
5 16 B 5 3;
94 <<area=3.25>> -17250 250 32768 5025 1000;
5 16 B 6 3;
94 <<area=2.5>> 20750 -11750 32768 4425 1000;
DF;
E
* Generated by Xic from cell ERSFQ_SPLIT
.tran 0.5p 100p 0 0.25p UIC
B0 5 16 29 jjmit area=2.5
B1 7 18 30 jjmit area=2.5
B2 8 6 31 jjmit area=3.5
B3 9 12 32 jjmit area=5.69
B4 11 23 33 jjmit area=2.5
B5 13 25 34 jjmit area=3.25
B6 14 27 35 jjmit area=2.5
I0 0 21 pwl(0 0 5p 919u)
L0 15 0 1p
L1 16 0 0.2p
L2 17 0 1p
L3 18 0 0.2p
L4 IBIAS 5 2p
L5 5 6 2p
L6 6 7 2p
L7 19 6 1p
L8 20 8 400p
L9 21 20 10p
L10 20 9 400p
L11 10 11 1.9p
L12 11 OUT1 2p
L13 22 12 1p
L14 23 0 0.2p
L15 24 0 1p
L16 IIN 13 1.4p
L17 13 12 2p
L18 12 10 0.4p
L19 25 0 0.2p
L20 26 0 1p
L21 10 14 1.9p
L22 14 OUT2 2p
L23 27 0 0.2p
L24 28 0 1p
R0 5 15 3.88
R1 7 17 3.88
R2 8 19 2.77
R3 9 22 1.7
R4 11 24 3.88
R5 13 26 2.98
R6 14 28 3.88
.model jjmit jj(rtype=1, vg=2.8mV, cap=0.07pF, r0=160, rn=16, icrit=0.1mA)

* YBCO
.save @I0[c]
