(Symbol ERSFQ_JTLT);
($Id:$);
(PHYSICAL);
(RESOLUTION 1000);
9 ERSFQ_JTLT;
DS 0 1 1;
DF;
E
(ELECTRICAL);
(RESOLUTION 1000);
5 10 1 0 -37000 -5000 0x0 IN;
5 10 2 1 -37000 74000 0x0 BIASCLK;
5 10 3 2 25000 -5000 0x0 OUT;
5 11 X 0 subckt;
9 ERSFQ_JTLT;
DS 0 1 1;
(SymbolCall gnd);
5 10 0 0 -27000 94000;
1 Bound -28000 94000 -26000 96600;
( Rotate 180 );
9 gnd;
C 0 R -1 0 T -26000 95000;
(SymbolCall gnd);
5 10 0 0 -21000 94000;
1 Bound -22000 94000 -20000 96600;
( Rotate 180 );
9 gnd;
C 0 R -1 0 T -20000 95000;
(SymbolCall gnd);
5 10 0 0 -1000 94000;
1 Bound -2000 94000 0 96600;
( Rotate 180 );
9 gnd;
C 0 R -1 0 T 0 95000;
(SymbolCall gnd);
5 10 0 0 5000 94000;
1 Bound 4000 94000 6000 96600;
( Rotate 180 );
9 gnd;
C 0 R -1 0 T 6000 95000;
(SymbolCall gnd);
5 10 0 0 -21000 27000;
1 Bound -21000 26000 -18400 28000;
( Rotate 90 );
9 gnd;
C 0 R 0 1 T -20000 26000;
(SymbolCall gnd);
5 10 0 0 -27000 -25000;
1 Bound -28000 -27600 -26000 -25000;
9 gnd;
C 0 T -28000 -26000;
(SymbolCall gnd);
5 10 0 0 -21000 -25000;
1 Bound -22000 -27600 -20000 -25000;
9 gnd;
C 0 T -22000 -26000;
(SymbolCall gnd);
5 10 0 0 -1000 -25000;
1 Bound -2000 -27600 0 -25000;
9 gnd;
C 0 T -2000 -26000;
(SymbolCall gnd);
5 10 0 0 5000 -25000;
1 Bound 4000 -27600 6000 -25000;
9 gnd;
C 0 T 4000 -26000;
(SymbolCall ind);
5 10 0 1 -27000 94000 L0-;
5 10 13 0 -27000 84000 L0+;
5 15 -28000 85000 0 1;
5 2 1p;
5 11 L 0;
1 Bound -28500 84000 -27000 94000;
( Rotate 180 );
9 ind;
C 0 R -1 0 T -26000 94000;
(SymbolCall ind);
5 10 0 1 -21000 94000 L1-;
5 10 14 0 -21000 84000 L1+;
5 15 -22000 85000 0 1;
5 2 0.2p;
5 11 L 1;
1 Bound -22500 84000 -21000 94000;
( Rotate 180 );
9 ind;
C 0 R -1 0 T -20000 94000;
(SymbolCall ind);
5 10 0 1 -1000 94000 L2-;
5 10 15 0 -1000 84000 L2+;
5 15 -2000 85000 0 1;
5 2 1p;
5 11 L 2;
1 Bound -2500 84000 -1000 94000;
( Rotate 180 );
9 ind;
C 0 R -1 0 T 0 94000;
(SymbolCall ind);
5 10 0 1 5000 94000 L3-;
5 10 16 0 5000 84000 L3+;
5 15 4000 85000 0 1;
5 2 0.2p;
5 11 L 3;
1 Bound 3500 84000 5000 94000;
( Rotate 180 );
9 ind;
C 0 R -1 0 T 6000 94000;
(SymbolCall ind);
5 10 4 1 -27000 74000 L4-;
5 10 2 0 -37000 74000 L4+;
5 15 -36000 75000 1 0;
5 2 2p;
5 11 L 4;
1 Bound -37000 74000 -27000 75500;
( Rotate 90 );
9 ind;
C 0 R 0 1 T -27000 73000;
(SymbolCall ind);
5 10 5 1 -11000 74000 L5-;
5 10 4 0 -21000 74000 L5+;
5 15 -20000 75000 1 0;
5 11 L 5;
5 2 2p;
1 Bound -21000 74000 -11000 75500;
( Rotate 90 );
9 ind;
C 0 R 0 1 T -11000 73000;
(SymbolCall ind);
5 10 6 1 -1000 74000 L6-;
5 10 5 0 -11000 74000 L6+;
5 15 -10000 75000 1 0;
5 11 L 6;
5 2 2p;
1 Bound -11000 74000 -1000 75500;
( Rotate 90 );
9 ind;
C 0 R 0 1 T -1000 73000;
(SymbolCall ind);
5 10 5 1 -17000 71000 L7-;
5 10 17 0 -17000 61000 L7+;
5 15 -18000 62000 0 1;
5 2 1p;
5 11 L 7;
1 Bound -18500 61000 -17000 71000;
( Rotate 180 );
9 ind;
C 0 R -1 0 T -16000 71000;
(SymbolCall ind);
5 10 7 1 -11000 51000 L8-;
5 10 8 0 -11000 41000 L8+;
5 15 -12000 42000 0 1;
5 2 400p;
5 11 L 8;
1 Bound -12500 41000 -11000 51000;
( Rotate 180 );
9 ind;
C 0 R -1 0 T -10000 51000;
(SymbolCall ind);
5 10 8 1 -11000 37000 L9-;
5 10 18 0 -21000 37000 L9+;
5 15 -20000 38000 1 0;
5 2 10p;
5 11 L 9;
1 Bound -21000 37000 -11000 38500;
( Rotate 90 );
9 ind;
C 0 R 0 1 T -11000 36000;
(SymbolCall ind);
5 10 9 1 -11000 27000 L10-;
5 10 8 0 -11000 37000 L10+;
5 15 -10000 36000 0 -1;
5 2 400p;
5 11 L 10;
1 Bound -11000 27000 -9500 37000;
9 ind;
C 0 T -12000 27000;
(SymbolCall ind);
5 10 10 1 -11000 7000 L11-;
5 10 19 0 -11000 17000 L11+;
5 15 -10000 16000 0 -1;
5 2 1p;
5 11 L 11;
1 Bound -11000 7000 -9500 17000;
9 ind;
C 0 T -12000 7000;
(SymbolCall ind);
5 10 11 1 -27000 -5000 L12-;
5 10 1 0 -37000 -5000 L12+;
5 15 -36000 -4000 1 0;
5 11 L 12;
5 2 2p;
1 Bound -37000 -5000 -27000 -3500;
( Rotate 90 );
9 ind;
C 0 R 0 1 T -27000 -6000;
(SymbolCall ind);
5 10 10 1 -11000 -5000 L13-;
5 10 11 0 -21000 -5000 L13+;
5 15 -20000 -4000 1 0;
5 11 L 13;
5 2 2p;
1 Bound -21000 -5000 -11000 -3500;
( Rotate 90 );
9 ind;
C 0 R 0 1 T -11000 -6000;
(SymbolCall ind);
5 10 12 1 -1000 -5000 L14-;
5 10 10 0 -11000 -5000 L14+;
5 15 -10000 -4000 1 0;
5 11 L 14;
5 2 2p;
1 Bound -11000 -5000 -1000 -3500;
( Rotate 90 );
9 ind;
C 0 R 0 1 T -1000 -6000;
(SymbolCall ind);
5 10 3 1 25000 -5000 L15-;
5 10 12 0 15000 -5000 L15+;
5 15 16000 -4000 1 0;
5 11 L 15;
5 2 4.5p;
1 Bound 15000 -5000 25000 -3500;
( Rotate 90 );
9 ind;
C 0 R 0 1 T 25000 -6000;
(SymbolCall ind);
5 10 0 1 -27000 -25000 L16-;
5 10 20 0 -27000 -15000 L16+;
5 15 -26000 -16000 0 -1;
5 2 0.2p;
5 11 L 16;
1 Bound -27000 -25000 -25500 -15000;
9 ind;
C 0 T -28000 -25000;
(SymbolCall ind);
5 10 0 1 -21000 -25000 L17-;
5 10 21 0 -21000 -15000 L17+;
5 15 -20000 -16000 0 -1;
5 2 1p;
5 11 L 17;
1 Bound -21000 -25000 -19500 -15000;
9 ind;
C 0 T -22000 -25000;
(SymbolCall ind);
5 10 0 1 -1000 -25000 L18-;
5 10 22 0 -1000 -15000 L18+;
5 15 0 -16000 0 -1;
5 2 0.2p;
5 11 L 18;
1 Bound -1000 -25000 500 -15000;
9 ind;
C 0 T -2000 -25000;
(SymbolCall ind);
5 10 0 1 5000 -25000 L19-;
5 10 23 0 5000 -15000 L19+;
5 15 6000 -16000 0 -1;
5 2 1p;
5 11 L 19;
1 Bound 5000 -25000 6500 -15000;
9 ind;
C 0 T 4000 -25000;
(SymbolCall isrc);
5 2 pwl(0 0 5p 700u);
5 10 18 1 -21000 37000 I0_1;
5 10 0 0 -21000 27000 I0_0;
5 15 -21000 33000 0 1 @<name>[c];
5 11 I 0;
5 5 nophys;
1 Bound -23000 27000 -19000 37000;
( Rotate 180 );
9 isrc;
C 0 R -1 0 T -19000 37000;
(SymbolCall jj);
5 10 24 2 -20000 76000 B0_2;
5 10 14 1 -21000 84000 B0-;
5 10 4 0 -21000 74000 B0+;
5 1 jjmit;
5 11 B 0;
5 3 area=2.5;
1 Bound -22500 74000 -19500 84000;
( Rotate 180 );
9 jj;
C 0 R -1 0 T -20000 84000;
(SymbolCall jj);
5 10 25 2 6000 76000 B1_2;
5 10 16 1 5000 84000 B1-;
5 10 6 0 5000 74000 B1+;
5 1 jjmit;
5 3 area=2.5;
5 11 B 1;
1 Bound 3500 74000 6500 84000;
( Rotate 180 );
9 jj;
C 0 R -1 0 T 6000 84000;
(SymbolCall jj);
5 10 26 2 -10000 53000 B2_2;
5 10 5 1 -11000 61000 B2-;
5 10 7 0 -11000 51000 B2+;
5 3 area=3.5;
5 11 B 2;
5 1 jjmit;
1 Bound -12500 51000 -9500 61000;
( Rotate 180 );
9 jj;
C 0 R -1 0 T -10000 61000;
(SymbolCall jj);
5 10 27 2 -18000 25000 B3_2;
5 10 10 1 -17000 17000 B3-;
5 10 9 0 -17000 27000 B3+;
5 3 area=3.5;
5 11 B 3;
5 1 jjmit;
1 Bound -18500 17000 -15500 27000;
9 jj;
C 0 T -18000 17000;
(SymbolCall jj);
5 10 28 2 -28000 -7000 B4_2;
5 10 20 1 -27000 -15000 B4-;
5 10 11 0 -27000 -5000 B4+;
5 11 B 4;
5 1 jjmit;
5 3 area=2.5;
1 Bound -28500 -15000 -25500 -5000;
9 jj;
C 0 T -28000 -15000;
(SymbolCall jj);
5 10 29 2 -2000 -7000 B5_2;
5 10 22 1 -1000 -15000 B5-;
5 10 12 0 -1000 -5000 B5+;
5 11 B 5;
5 1 jjmit;
5 3 area=2.5;
1 Bound -2500 -15000 500 -5000;
9 jj;
C 0 T -2000 -15000;
(SymbolCall res);
5 10 13 1 -27000 84000 R0-;
5 10 4 0 -27000 74000 R0+;
5 15 -26000 75000 0 1 "<v>/<value>O";
5 11 R 0;
5 2 3.88;
1 Bound -28000 74000 -25750 84000;
( Rotate 180 );
9 res;
C 0 R -1 0 T -27000 74000;
(SymbolCall res);
5 10 15 1 -1000 84000 R1-;
5 10 6 0 -1000 74000 R1+;
5 15 0 75000 0 1 "<v>/<value>O";
5 2 3.88;
5 11 R 1;
1 Bound -2000 74000 250 84000;
( Rotate 180 );
9 res;
C 0 R -1 0 T -1000 74000;
(SymbolCall res);
5 10 17 1 -17000 61000 R2-;
5 10 7 0 -17000 51000 R2+;
5 15 -16000 52000 0 1 "<v>/<value>O";
5 2 2.77;
5 11 R 2;
1 Bound -18000 51000 -15750 61000;
( Rotate 180 );
9 res;
C 0 R -1 0 T -17000 51000;
(SymbolCall res);
5 10 19 1 -11000 17000 R3-;
5 10 9 0 -11000 27000 R3+;
5 15 -12000 26000 0 -1 "<v>/<value>O";
5 2 1.96;
5 11 R 3;
1 Bound -12250 17000 -10000 27000;
9 res;
C 0 T -11000 27000;
(SymbolCall res);
5 10 21 1 -21000 -15000 R4-;
5 10 11 0 -21000 -5000 R4+;
5 15 -22000 -6000 0 -1 "<v>/<value>O";
5 2 2.744;
5 11 R 4;
1 Bound -22250 -15000 -20000 -5000;
9 res;
C 0 T -21000 -5000;
(SymbolCall res);
5 10 23 1 5000 -15000 R5-;
5 10 12 0 5000 -5000 R5+;
5 15 4000 -6000 0 -1 "<v>/<value>O";
5 2 2.744;
5 11 R 5;
1 Bound 3750 -15000 6000 -5000;
9 res;
C 0 T 5000 -5000;
L SCED;
5 10 4;
W2 0 -27000 74000 -21000 74000;
5 10 5;
W2 0 -11000 71000 -11000 74000;
5 10 6;
W2 0 -1000 74000 5000 74000;
5 10 5;
W2 0 -17000 71000 -11000 71000 -11000 61000;
5 10 7;
W2 0 -11000 51000 -17000 51000;
94 <<L25>> -4000 47000 320 6400 3584;
5 10 8;
W2 0 -11000 41000 -11000 37000;
94 <<L31>> -4000 34000 320 5632 3584;
5 10 9;
W2 0 -17000 27000 -11000 27000;
5 10 10;
W2 0 -17000 17000 -17000 7000 -11000 7000 -11000 -5000;
5 10 11;
W2 0 -27000 -5000 -21000 -5000;
5 10 12;
W2 0 -1000 -5000 5000 -5000 15000 -5000;
L NAME;
5 16 L 0 11;
94 <<L0>> -28750 92750 320 1275 1000;
5 16 L 1 11;
94 <<L1>> -22750 92750 320 1050 1000;
5 16 L 2 11;
94 <<L2>> -2750 92750 320 1275 1000;
5 16 L 3 11;
94 <<L3>> 3250 92750 320 1275 1000;
5 16 R 0 11;
94 <<R0>> -28250 82750 320 1275 1000;
5 16 B 0 11;
94 <<B0>> -22750 82750 320 1275 1000;
5 16 R 1 11;
94 <<R1>> -2250 82750 320 1050 1000;
5 16 B 1 11;
94 <<B1>> 3250 82750 320 1050 1000;
5 16 L 4 11;
94 <<L4>> -36750 75750 0 1275 1000;
5 16 L 5 11;
94 <<L5>> -20750 75750 0 1275 1000;
5 16 L 6 11;
94 <<L6>> -10750 75750 0 1275 1000;
5 16 L 7 11;
94 <<L7>> -18750 69750 320 1275 1000;
5 16 R 2 11;
94 <<R2>> -18250 59750 320 1275 1000;
5 16 B 2 11;
94 <<B2>> -12750 59750 320 1275 1000;
5 16 L 8 11;
94 <<L8>> -12750 49750 320 1275 1000;
5 16 L 9 11;
94 <<L9>> -20750 38750 0 1275 1000;
5 16 I 0 11;
94 <<I0>> -23250 35750 320 975 1000;
5 16 L 10 11;
94 <<L10>> -11250 35750 320 1650 1000;
5 16 B 3 11;
94 <<B3>> -18750 25750 320 1275 1000;
5 16 R 3 11;
94 <<R3>> -12500 25750 320 1275 1000;
5 16 L 11 11;
94 <<L11>> -11250 15750 320 1425 1000;
5 16 L 12 11;
94 <<L12>> -36750 -3250 0 1650 1000;
5 16 L 13 11;
94 <<L13>> -20750 -3250 0 1650 1000;
5 16 L 14 11;
94 <<L14>> -10750 -3250 0 1650 1000;
5 16 L 15 11;
94 <<L15>> 15250 -3250 0 1650 1000;
5 16 B 4 11;
94 <<B4>> -28750 -6250 320 1275 1000;
5 16 R 4 11;
94 <<R4>> -22500 -6250 320 1275 1000;
5 16 B 5 11;
94 <<B5>> -2750 -6250 320 1275 1000;
5 16 R 5 11;
94 <<R5>> 3500 -6250 320 1275 1000;
5 16 L 16 11;
94 <<L16>> -27250 -16250 320 1650 1000;
5 16 L 17 11;
94 <<L17>> -21250 -16250 320 1650 1000;
5 16 L 18 11;
94 <<L18>> -1250 -16250 320 1650 1000;
5 16 L 19 11;
94 <<L19>> 4750 -16250 320 1650 1000;
L MODL;
5 16 B 0 1;
94 <<jjmit>> -19250 83750 256 2550 1000;
5 16 B 1 1;
94 <<jjmit>> 6750 83750 256 2550 1000;
5 16 B 2 1;
94 <<jjmit>> -9250 60750 256 2550 1000;
5 16 B 3 1;
94 <<jjmit>> -15250 26750 256 2550 1000;
5 16 B 4 1;
94 <<jjmit>> -25250 -5250 256 2550 1000;
5 16 B 5 1;
94 <<jjmit>> 750 -5250 256 2550 1000;
L VALU;
5 16 L 0 2;
94 <<1p>> -26750 93750 33024 1050 1000;
5 16 L 1 2;
94 <<0.2p>> -20750 93750 33024 2100 1000;
5 16 L 2 2;
94 <<1p>> -750 93750 33024 1050 1000;
5 16 L 3 2;
94 <<0.2p>> 5250 93750 33024 2100 1000;
5 16 R 0 2;
94 <<3.88>> -25500 83750 33024 2100 1000;
5 16 R 1 2;
94 <<3.88>> 500 83750 33024 2100 1000;
5 16 L 4 2;
94 <<2p>> -27250 73750 33088 1275 1000;
5 16 L 5 2;
94 <<2p>> -11250 73750 33088 1275 1000;
5 16 L 6 2;
94 <<2p>> -1250 73750 33088 1275 1000;
5 16 L 7 2;
94 <<1p>> -16750 70750 33024 1050 1000;
5 16 R 2 2;
94 <<2.77>> -15500 60750 33024 2100 1000;
5 16 L 8 2;
94 <<400p>> -10750 50750 33024 2475 1000;
5 16 I 0 2;
94 <<pwl(0 0 5p 700u)>> -18750 36750 33024 8775 1000;
5 16 L 9 2;
94 <<10p>> -11250 36750 33088 1650 1000;
5 16 L 10 2;
94 <<400p>> -9250 36750 33024 2475 1000;
5 16 R 3 2;
94 <<1.96>> -9750 26750 33024 1875 1000;
5 16 L 11 2;
94 <<1p>> -9250 16750 33024 1050 1000;
5 16 L 12 2;
94 <<2p>> -27250 -5250 33088 1275 1000;
5 16 R 4 2;
94 <<2.744>> -19750 -5250 33024 2700 1000;
5 16 L 13 2;
94 <<2p>> -11250 -5250 33088 1275 1000;
5 16 L 14 2;
94 <<2p>> -1250 -5250 33088 1275 1000;
5 16 R 5 2;
94 <<2.744>> 6250 -5250 33024 2700 1000;
5 16 L 15 2;
94 <<4.5p>> 24750 -5250 33088 2100 1000;
5 16 L 16 2;
94 <<0.2p>> -25250 -15250 33024 2100 1000;
5 16 L 17 2;
94 <<1p>> -19250 -15250 33024 1050 1000;
5 16 L 18 2;
94 <<0.2p>> 750 -15250 33024 2100 1000;
5 16 L 19 2;
94 <<1p>> 6750 -15250 33024 1050 1000;
L PARM;
5 16 B 0 3;
94 <<area=2.5>> -19250 74250 32768 4425 1000;
5 16 B 1 3;
94 <<area=2.5>> 6750 74250 32768 4425 1000;
5 16 B 2 3;
94 <<area=3.5>> -9250 51250 32768 4425 1000;
5 16 B 3 3;
94 <<area=3.5>> -15250 17250 32768 4425 1000;
5 16 B 4 3;
94 <<area=2.5>> -25250 -14750 32768 4425 1000;
5 16 B 5 3;
94 <<area=2.5>> 750 -14750 32768 4425 1000;
DF;
E
* Generated by Xic from cell ERSFQ_JTLT
.tran 0.5p 1000p 0 0.25p UIC
B0 4 14 24 jjmit area=2.5
B1 6 16 25 jjmit area=2.5
B2 7 5 26 jjmit area=3.5
B3 9 10 27 jjmit area=3.5
B4 11 20 28 jjmit area=2.5
B5 12 22 29 jjmit area=2.5
I0 0 18 pwl(0 0 5p 700u)
L0 13 0 1p
L1 14 0 0.2p
L2 15 0 1p
L3 16 0 0.2p
L4 BIASCLK 4 2p
L5 4 5 2p
L6 5 6 2p
L7 17 5 1p
L8 8 7 400p
L9 18 8 10p
L10 8 9 400p
L11 19 10 1p
L12 IN 11 2p
L13 11 10 2p
L14 10 12 2p
L15 12 OUT 4.5p
L16 20 0 0.2p
L17 21 0 1p
L18 22 0 0.2p
L19 23 0 1p
R0 4 13 3.88
R1 6 15 3.88
R2 7 17 2.77
R3 9 19 1.96
R4 11 21 2.744
R5 12 23 2.744
.model jjmit jj(rtype=1, vg=2.8mV, cap=0.07pF, r0=160, rn=16, icrit=0.1mA)

* YBCO
.save @I0[c]
