(Symbol ERSFQ_NDRO);
($Id:$);
(PHYSICAL);
(RESOLUTION 1000);
9 ERSFQ_NDRO;
DS 0 1 1;
DF;
E
(ELECTRICAL);
(RESOLUTION 1000);
5 7101 tran 0.5p 1000p 0 0.25p UIC;
5 10 1 0 -145000 94000 0x0 INSET;
5 10 2 1 -145000 39000 0x0 INRESET;
5 10 3 2 -145000 -1000 0x0 INCLK;
5 10 4 3 -145000 183000 0x0 INBIAS;
5 10 5 4 118000 -1000 0x0 OUT;
5 11 X 0 subckt;
9 ERSFQ_NDRO;
DS 0 1 1;
(SymbolCall gnd);
5 10 0 0 -135000 203000;
1 Bound -136000 203000 -134000 205600;
( Rotate 180 );
9 gnd;
C 0 R -1 0 T -134000 204000;
(SymbolCall gnd);
5 10 0 0 -129000 203000;
1 Bound -130000 203000 -128000 205600;
( Rotate 180 );
9 gnd;
C 0 R -1 0 T -128000 204000;
(SymbolCall gnd);
5 10 0 0 -109000 203000;
1 Bound -110000 203000 -108000 205600;
( Rotate 180 );
9 gnd;
C 0 R -1 0 T -108000 204000;
(SymbolCall gnd);
5 10 0 0 -103000 203000;
1 Bound -104000 203000 -102000 205600;
( Rotate 180 );
9 gnd;
C 0 R -1 0 T -102000 204000;
(SymbolCall gnd);
5 10 0 0 -93000 203000;
1 Bound -94000 203000 -92000 205600;
( Rotate 180 );
9 gnd;
C 0 R -1 0 T -92000 204000;
(SymbolCall gnd);
5 10 0 0 -87000 203000;
1 Bound -88000 203000 -86000 205600;
( Rotate 180 );
9 gnd;
C 0 R -1 0 T -86000 204000;
(SymbolCall gnd);
5 10 0 0 -67000 203000;
1 Bound -68000 203000 -66000 205600;
( Rotate 180 );
9 gnd;
C 0 R -1 0 T -66000 204000;
(SymbolCall gnd);
5 10 0 0 -61000 203000;
1 Bound -62000 203000 -60000 205600;
( Rotate 180 );
9 gnd;
C 0 R -1 0 T -60000 204000;
(SymbolCall gnd);
5 10 0 0 -51000 203000;
1 Bound -52000 203000 -50000 205600;
( Rotate 180 );
9 gnd;
C 0 R -1 0 T -50000 204000;
(SymbolCall gnd);
5 10 0 0 -45000 203000;
1 Bound -46000 203000 -44000 205600;
( Rotate 180 );
9 gnd;
C 0 R -1 0 T -44000 204000;
(SymbolCall gnd);
5 10 0 0 -25000 203000;
1 Bound -26000 203000 -24000 205600;
( Rotate 180 );
9 gnd;
C 0 R -1 0 T -24000 204000;
(SymbolCall gnd);
5 10 0 0 -19000 203000;
1 Bound -20000 203000 -18000 205600;
( Rotate 180 );
9 gnd;
C 0 R -1 0 T -18000 204000;
(SymbolCall gnd);
5 10 0 0 -9000 203000;
1 Bound -10000 203000 -8000 205600;
( Rotate 180 );
9 gnd;
C 0 R -1 0 T -8000 204000;
(SymbolCall gnd);
5 10 0 0 -3000 203000;
1 Bound -4000 203000 -2000 205600;
( Rotate 180 );
9 gnd;
C 0 R -1 0 T -2000 204000;
(SymbolCall gnd);
5 10 0 0 17000 203000;
1 Bound 16000 203000 18000 205600;
( Rotate 180 );
9 gnd;
C 0 R -1 0 T 18000 204000;
(SymbolCall gnd);
5 10 0 0 23000 203000;
1 Bound 22000 203000 24000 205600;
( Rotate 180 );
9 gnd;
C 0 R -1 0 T 24000 204000;
(SymbolCall gnd);
5 10 0 0 33000 203000;
1 Bound 32000 203000 34000 205600;
( Rotate 180 );
9 gnd;
C 0 R -1 0 T 34000 204000;
(SymbolCall gnd);
5 10 0 0 39000 203000;
1 Bound 38000 203000 40000 205600;
( Rotate 180 );
9 gnd;
C 0 R -1 0 T 40000 204000;
(SymbolCall gnd);
5 10 0 0 59000 203000;
1 Bound 58000 203000 60000 205600;
( Rotate 180 );
9 gnd;
C 0 R -1 0 T 60000 204000;
(SymbolCall gnd);
5 10 0 0 65000 203000;
1 Bound 64000 203000 66000 205600;
( Rotate 180 );
9 gnd;
C 0 R -1 0 T 66000 204000;
(SymbolCall gnd);
5 10 0 0 75000 203000;
1 Bound 74000 203000 76000 205600;
( Rotate 180 );
9 gnd;
C 0 R -1 0 T 76000 204000;
(SymbolCall gnd);
5 10 0 0 81000 203000;
1 Bound 80000 203000 82000 205600;
( Rotate 180 );
9 gnd;
C 0 R -1 0 T 82000 204000;
(SymbolCall gnd);
5 10 0 0 101000 203000;
1 Bound 100000 203000 102000 205600;
( Rotate 180 );
9 gnd;
C 0 R -1 0 T 102000 204000;
(SymbolCall gnd);
5 10 0 0 107000 203000;
1 Bound 106000 203000 108000 205600;
( Rotate 180 );
9 gnd;
C 0 R -1 0 T 108000 204000;
(SymbolCall gnd);
5 10 0 0 -135000 133000;
1 Bound -135000 132000 -132400 134000;
( Rotate 90 );
9 gnd;
C 0 R 0 1 T -134000 132000;
(SymbolCall gnd);
5 10 0 0 -49000 74000;
1 Bound -50000 71400 -48000 74000;
9 gnd;
C 0 T -50000 73000;
(SymbolCall gnd);
5 10 0 0 -43000 74000;
1 Bound -44000 71400 -42000 74000;
9 gnd;
C 0 T -44000 73000;
(SymbolCall gnd);
5 10 0 0 -13000 74000;
1 Bound -14000 71400 -12000 74000;
9 gnd;
C 0 T -14000 73000;
(SymbolCall gnd);
5 10 0 0 -7000 74000;
1 Bound -8000 71400 -6000 74000;
9 gnd;
C 0 T -8000 73000;
(SymbolCall gnd);
5 10 0 0 -45000 19000;
1 Bound -46000 16400 -44000 19000;
9 gnd;
C 0 T -46000 18000;
(SymbolCall gnd);
5 10 0 0 -39000 19000;
1 Bound -40000 16400 -38000 19000;
9 gnd;
C 0 T -40000 18000;
(SymbolCall gnd);
5 10 0 0 -9000 19000;
1 Bound -10000 16400 -8000 19000;
9 gnd;
C 0 T -10000 18000;
(SymbolCall gnd);
5 10 0 0 -3000 19000;
1 Bound -4000 16400 -2000 19000;
9 gnd;
C 0 T -4000 18000;
(SymbolCall gnd);
5 10 0 0 -43000 -21000;
1 Bound -44000 -23600 -42000 -21000;
9 gnd;
C 0 T -44000 -22000;
(SymbolCall gnd);
5 10 0 0 -37000 -21000;
1 Bound -38000 -23600 -36000 -21000;
9 gnd;
C 0 T -38000 -22000;
(SymbolCall gnd);
5 10 0 0 23000 -21000;
1 Bound 22000 -23600 24000 -21000;
9 gnd;
C 0 T 22000 -22000;
(SymbolCall gnd);
5 10 0 0 29000 -21000;
1 Bound 28000 -23600 30000 -21000;
9 gnd;
C 0 T 28000 -22000;
(SymbolCall gnd);
5 10 0 0 49000 -21000;
1 Bound 48000 -23600 50000 -21000;
9 gnd;
C 0 T 48000 -22000;
(SymbolCall gnd);
5 10 0 0 55000 -21000;
1 Bound 54000 -23600 56000 -21000;
9 gnd;
C 0 T 54000 -22000;
(SymbolCall ind);
5 10 0 1 -135000 203000 L0-;
5 10 58 0 -135000 193000 L0+;
5 15 -136000 194000 0 1;
5 11 L 0;
5 2 1p;
1 Bound -136500 193000 -135000 203000;
( Rotate 180 );
9 ind;
C 0 R -1 0 T -134000 203000;
(SymbolCall ind);
5 10 0 1 -129000 203000 L1-;
5 10 59 0 -129000 193000 L1+;
5 15 -130000 194000 0 1;
5 11 L 1;
5 2 0.2p;
1 Bound -130500 193000 -129000 203000;
( Rotate 180 );
9 ind;
C 0 R -1 0 T -128000 203000;
(SymbolCall ind);
5 10 0 1 -109000 203000 L2-;
5 10 60 0 -109000 193000 L2+;
5 15 -110000 194000 0 1;
5 11 L 2;
5 2 1p;
1 Bound -110500 193000 -109000 203000;
( Rotate 180 );
9 ind;
C 0 R -1 0 T -108000 203000;
(SymbolCall ind);
5 10 0 1 -103000 203000 L3-;
5 10 61 0 -103000 193000 L3+;
5 15 -104000 194000 0 1;
5 11 L 3;
5 2 0.2p;
1 Bound -104500 193000 -103000 203000;
( Rotate 180 );
9 ind;
C 0 R -1 0 T -102000 203000;
(SymbolCall ind);
5 10 0 1 -93000 203000 L4-;
5 10 62 0 -93000 193000 L4+;
5 15 -94000 194000 0 1;
5 2 1p;
5 11 L 4;
1 Bound -94500 193000 -93000 203000;
( Rotate 180 );
9 ind;
C 0 R -1 0 T -92000 203000;
(SymbolCall ind);
5 10 0 1 -87000 203000 L5-;
5 10 63 0 -87000 193000 L5+;
5 15 -88000 194000 0 1;
5 2 0.2p;
5 11 L 5;
1 Bound -88500 193000 -87000 203000;
( Rotate 180 );
9 ind;
C 0 R -1 0 T -86000 203000;
(SymbolCall ind);
5 10 0 1 -67000 203000 L6-;
5 10 64 0 -67000 193000 L6+;
5 15 -68000 194000 0 1;
5 2 1p;
5 11 L 6;
1 Bound -68500 193000 -67000 203000;
( Rotate 180 );
9 ind;
C 0 R -1 0 T -66000 203000;
(SymbolCall ind);
5 10 0 1 -61000 203000 L7-;
5 10 65 0 -61000 193000 L7+;
5 15 -62000 194000 0 1;
5 2 0.2p;
5 11 L 7;
1 Bound -62500 193000 -61000 203000;
( Rotate 180 );
9 ind;
C 0 R -1 0 T -60000 203000;
(SymbolCall ind);
5 10 0 1 -51000 203000 L8-;
5 10 66 0 -51000 193000 L8+;
5 15 -52000 194000 0 1;
5 2 1p;
5 11 L 8;
1 Bound -52500 193000 -51000 203000;
( Rotate 180 );
9 ind;
C 0 R -1 0 T -50000 203000;
(SymbolCall ind);
5 10 0 1 -45000 203000 L9-;
5 10 67 0 -45000 193000 L9+;
5 15 -46000 194000 0 1;
5 2 0.2p;
5 11 L 9;
1 Bound -46500 193000 -45000 203000;
( Rotate 180 );
9 ind;
C 0 R -1 0 T -44000 203000;
(SymbolCall ind);
5 10 0 1 -25000 203000 L10-;
5 10 68 0 -25000 193000 L10+;
5 15 -26000 194000 0 1;
5 2 1p;
5 11 L 10;
1 Bound -26500 193000 -25000 203000;
( Rotate 180 );
9 ind;
C 0 R -1 0 T -24000 203000;
(SymbolCall ind);
5 10 0 1 -19000 203000 L11-;
5 10 69 0 -19000 193000 L11+;
5 15 -20000 194000 0 1;
5 2 0.2p;
5 11 L 11;
1 Bound -20500 193000 -19000 203000;
( Rotate 180 );
9 ind;
C 0 R -1 0 T -18000 203000;
(SymbolCall ind);
5 10 0 1 -9000 203000 L12-;
5 10 70 0 -9000 193000 L12+;
5 15 -10000 194000 0 1;
5 2 1p;
5 11 L 12;
1 Bound -10500 193000 -9000 203000;
( Rotate 180 );
9 ind;
C 0 R -1 0 T -8000 203000;
(SymbolCall ind);
5 10 0 1 -3000 203000 L13-;
5 10 71 0 -3000 193000 L13+;
5 15 -4000 194000 0 1;
5 2 0.2p;
5 11 L 13;
1 Bound -4500 193000 -3000 203000;
( Rotate 180 );
9 ind;
C 0 R -1 0 T -2000 203000;
(SymbolCall ind);
5 10 0 1 17000 203000 L14-;
5 10 72 0 17000 193000 L14+;
5 15 16000 194000 0 1;
5 2 1p;
5 11 L 14;
1 Bound 15500 193000 17000 203000;
( Rotate 180 );
9 ind;
C 0 R -1 0 T 18000 203000;
(SymbolCall ind);
5 10 0 1 23000 203000 L15-;
5 10 73 0 23000 193000 L15+;
5 15 22000 194000 0 1;
5 2 0.2p;
5 11 L 15;
1 Bound 21500 193000 23000 203000;
( Rotate 180 );
9 ind;
C 0 R -1 0 T 24000 203000;
(SymbolCall ind);
5 10 0 1 33000 203000 L16-;
5 10 74 0 33000 193000 L16+;
5 15 32000 194000 0 1;
5 2 1p;
5 11 L 16;
1 Bound 31500 193000 33000 203000;
( Rotate 180 );
9 ind;
C 0 R -1 0 T 34000 203000;
(SymbolCall ind);
5 10 0 1 39000 203000 L17-;
5 10 75 0 39000 193000 L17+;
5 15 38000 194000 0 1;
5 2 0.2p;
5 11 L 17;
1 Bound 37500 193000 39000 203000;
( Rotate 180 );
9 ind;
C 0 R -1 0 T 40000 203000;
(SymbolCall ind);
5 10 0 1 59000 203000 L18-;
5 10 76 0 59000 193000 L18+;
5 15 58000 194000 0 1;
5 2 1p;
5 11 L 18;
1 Bound 57500 193000 59000 203000;
( Rotate 180 );
9 ind;
C 0 R -1 0 T 60000 203000;
(SymbolCall ind);
5 10 0 1 65000 203000 L19-;
5 10 77 0 65000 193000 L19+;
5 15 64000 194000 0 1;
5 2 0.2p;
5 11 L 19;
1 Bound 63500 193000 65000 203000;
( Rotate 180 );
9 ind;
C 0 R -1 0 T 66000 203000;
(SymbolCall ind);
5 10 0 1 75000 203000 L20-;
5 10 78 0 75000 193000 L20+;
5 15 74000 194000 0 1;
5 11 L 20;
5 2 1p;
1 Bound 73500 193000 75000 203000;
( Rotate 180 );
9 ind;
C 0 R -1 0 T 76000 203000;
(SymbolCall ind);
5 10 0 1 81000 203000 L21-;
5 10 79 0 81000 193000 L21+;
5 15 80000 194000 0 1;
5 11 L 21;
5 2 0.2p;
1 Bound 79500 193000 81000 203000;
( Rotate 180 );
9 ind;
C 0 R -1 0 T 82000 203000;
(SymbolCall ind);
5 10 0 1 101000 203000 L22-;
5 10 80 0 101000 193000 L22+;
5 15 100000 194000 0 1;
5 11 L 22;
5 2 1p;
1 Bound 99500 193000 101000 203000;
( Rotate 180 );
9 ind;
C 0 R -1 0 T 102000 203000;
(SymbolCall ind);
5 10 0 1 107000 203000 L23-;
5 10 81 0 107000 193000 L23+;
5 15 106000 194000 0 1;
5 11 L 23;
5 2 0.2p;
1 Bound 105500 193000 107000 203000;
( Rotate 180 );
9 ind;
C 0 R -1 0 T 108000 203000;
(SymbolCall ind);
5 10 4 1 -145000 183000 L24-;
5 10 6 0 -135000 183000 L24+;
5 15 -136000 182000 -1 0;
5 11 L 24;
5 2 2p;
1 Bound -145000 181500 -135000 183000;
( Rotate 270 );
9 ind;
C 0 R 0 -1 T -145000 184000;
(SymbolCall ind);
5 10 6 1 -129000 183000 L25-;
5 10 7 0 -119000 183000 L25+;
5 15 -120000 182000 -1 0;
5 11 L 25;
5 2 2p;
1 Bound -129000 181500 -119000 183000;
( Rotate 270 );
9 ind;
C 0 R 0 -1 T -129000 184000;
(SymbolCall ind);
5 10 7 1 -119000 183000 L26-;
5 10 8 0 -109000 183000 L26+;
5 15 -110000 182000 -1 0;
5 11 L 26;
5 2 2p;
1 Bound -119000 181500 -109000 183000;
( Rotate 270 );
9 ind;
C 0 R 0 -1 T -119000 184000;
(SymbolCall ind);
5 10 8 1 -103000 183000 L27-;
5 10 9 0 -93000 183000 L27+;
5 15 -94000 182000 -1 0;
5 11 L 27;
5 2 2p;
1 Bound -103000 181500 -93000 183000;
( Rotate 270 );
9 ind;
C 0 R 0 -1 T -103000 184000;
(SymbolCall ind);
5 10 9 1 -87000 183000 L28-;
5 10 10 0 -77000 183000 L28+;
5 15 -78000 182000 -1 0;
5 2 2p;
5 11 L 28;
1 Bound -87000 181500 -77000 183000;
( Rotate 270 );
9 ind;
C 0 R 0 -1 T -87000 184000;
(SymbolCall ind);
5 10 10 1 -77000 183000 L29-;
5 10 11 0 -67000 183000 L29+;
5 15 -68000 182000 -1 0;
5 2 2p;
5 11 L 29;
1 Bound -77000 181500 -67000 183000;
( Rotate 270 );
9 ind;
C 0 R 0 -1 T -77000 184000;
(SymbolCall ind);
5 10 11 1 -61000 183000 L30-;
5 10 12 0 -51000 183000 L30+;
5 15 -52000 182000 -1 0;
5 2 2p;
5 11 L 30;
1 Bound -61000 181500 -51000 183000;
( Rotate 270 );
9 ind;
C 0 R 0 -1 T -61000 184000;
(SymbolCall ind);
5 10 12 1 -45000 183000 L31-;
5 10 13 0 -35000 183000 L31+;
5 15 -36000 182000 -1 0;
5 2 2p;
5 11 L 31;
1 Bound -45000 181500 -35000 183000;
( Rotate 270 );
9 ind;
C 0 R 0 -1 T -45000 184000;
(SymbolCall ind);
5 10 13 1 -35000 183000 L32-;
5 10 14 0 -25000 183000 L32+;
5 15 -26000 182000 -1 0;
5 2 2p;
5 11 L 32;
1 Bound -35000 181500 -25000 183000;
( Rotate 270 );
9 ind;
C 0 R 0 -1 T -35000 184000;
(SymbolCall ind);
5 10 14 1 -19000 183000 L33-;
5 10 15 0 -9000 183000 L33+;
5 15 -10000 182000 -1 0;
5 2 2p;
5 11 L 33;
1 Bound -19000 181500 -9000 183000;
( Rotate 270 );
9 ind;
C 0 R 0 -1 T -19000 184000;
(SymbolCall ind);
5 10 15 1 -3000 183000 L34-;
5 10 16 0 7000 183000 L34+;
5 15 6000 182000 -1 0;
5 2 2p;
5 11 L 34;
1 Bound -3000 181500 7000 183000;
( Rotate 270 );
9 ind;
C 0 R 0 -1 T -3000 184000;
(SymbolCall ind);
5 10 16 1 7000 183000 L35-;
5 10 17 0 17000 183000 L35+;
5 15 16000 182000 -1 0;
5 2 2p;
5 11 L 35;
1 Bound 7000 181500 17000 183000;
( Rotate 270 );
9 ind;
C 0 R 0 -1 T 7000 184000;
(SymbolCall ind);
5 10 17 1 23000 183000 L36-;
5 10 18 0 33000 183000 L36+;
5 15 32000 182000 -1 0;
5 2 2p;
5 11 L 36;
1 Bound 23000 181500 33000 183000;
( Rotate 270 );
9 ind;
C 0 R 0 -1 T 23000 184000;
(SymbolCall ind);
5 10 18 1 39000 183000 L37-;
5 10 19 0 49000 183000 L37+;
5 15 48000 182000 -1 0;
5 2 2p;
5 11 L 37;
1 Bound 39000 181500 49000 183000;
( Rotate 270 );
9 ind;
C 0 R 0 -1 T 39000 184000;
(SymbolCall ind);
5 10 19 1 49000 183000 L38-;
5 10 20 0 59000 183000 L38+;
5 15 58000 182000 -1 0;
5 2 2p;
5 11 L 38;
1 Bound 49000 181500 59000 183000;
( Rotate 270 );
9 ind;
C 0 R 0 -1 T 49000 184000;
(SymbolCall ind);
5 10 20 1 65000 183000 L39-;
5 10 21 0 75000 183000 L39+;
5 15 74000 182000 -1 0;
5 11 L 39;
5 2 2p;
1 Bound 65000 181500 75000 183000;
( Rotate 270 );
9 ind;
C 0 R 0 -1 T 65000 184000;
(SymbolCall ind);
5 10 21 1 81000 183000 L40-;
5 10 22 0 91000 183000 L40+;
5 15 90000 182000 -1 0;
5 11 L 40;
5 2 2p;
1 Bound 81000 181500 91000 183000;
( Rotate 270 );
9 ind;
C 0 R 0 -1 T 81000 184000;
(SymbolCall ind);
5 10 22 1 91000 183000 L41-;
5 10 23 0 101000 183000 L41+;
5 15 100000 182000 -1 0;
5 11 L 41;
5 2 2p;
1 Bound 91000 181500 101000 183000;
( Rotate 270 );
9 ind;
C 0 R 0 -1 T 91000 184000;
(SymbolCall ind);
5 10 7 1 -125000 173000 L42-;
5 10 82 0 -125000 163000 L42+;
5 15 -126000 164000 0 1;
5 2 1p;
5 11 L 42;
1 Bound -126500 163000 -125000 173000;
( Rotate 180 );
9 ind;
C 0 R -1 0 T -124000 173000;
(SymbolCall ind);
5 10 10 1 -83000 173000 L43-;
5 10 83 0 -83000 163000 L43+;
5 15 -84000 164000 0 1;
5 11 L 43;
5 2 1p;
1 Bound -84500 163000 -83000 173000;
( Rotate 180 );
9 ind;
C 0 R -1 0 T -82000 173000;
(SymbolCall ind);
5 10 13 1 -46000 173000 L44-;
5 10 84 0 -46000 163000 L44+;
5 15 -47000 164000 0 1;
5 2 1p;
5 11 L 44;
1 Bound -47500 163000 -46000 173000;
( Rotate 180 );
9 ind;
C 0 R -1 0 T -45000 173000;
(SymbolCall ind);
5 10 16 1 -2000 173000 L45-;
5 10 85 0 -2000 163000 L45+;
5 15 -3000 164000 0 1;
5 11 L 45;
5 2 1p;
1 Bound -3500 163000 -2000 173000;
( Rotate 180 );
9 ind;
C 0 R -1 0 T -1000 173000;
(SymbolCall ind);
5 10 19 1 48000 173000 L46-;
5 10 86 0 48000 163000 L46+;
5 15 47000 164000 0 1;
5 2 1p;
5 11 L 46;
1 Bound 46500 163000 48000 173000;
( Rotate 180 );
9 ind;
C 0 R -1 0 T 49000 173000;
(SymbolCall ind);
5 10 22 1 92000 173000 L47-;
5 10 87 0 92000 163000 L47+;
5 15 91000 164000 0 1;
5 11 L 47;
5 2 1p;
1 Bound 90500 163000 92000 173000;
( Rotate 180 );
9 ind;
C 0 R -1 0 T 93000 173000;
(SymbolCall ind);
5 10 24 1 -125000 153000 L48-;
5 10 30 0 -125000 143000 L48+;
5 15 -126000 144000 0 1;
5 11 L 48;
5 2 400p;
1 Bound -126500 143000 -125000 153000;
( Rotate 180 );
9 ind;
C 0 R -1 0 T -124000 153000;
(SymbolCall ind);
5 10 25 1 -83000 153000 L49-;
5 10 31 0 -83000 143000 L49+;
5 15 -84000 144000 0 1;
5 2 400p;
5 11 L 49;
1 Bound -84500 143000 -83000 153000;
( Rotate 180 );
9 ind;
C 0 R -1 0 T -82000 153000;
(SymbolCall ind);
5 10 26 1 -46000 153000 L50-;
5 10 32 0 -46000 143000 L50+;
5 15 -47000 144000 0 1;
5 2 400p;
5 11 L 50;
1 Bound -47500 143000 -46000 153000;
( Rotate 180 );
9 ind;
C 0 R -1 0 T -45000 153000;
(SymbolCall ind);
5 10 27 1 -2000 153000 L51-;
5 10 33 0 -2000 143000 L51+;
5 15 -3000 144000 0 1;
5 11 L 51;
5 2 400p;
1 Bound -3500 143000 -2000 153000;
( Rotate 180 );
9 ind;
C 0 R -1 0 T -1000 153000;
(SymbolCall ind);
5 10 28 1 48000 153000 L52-;
5 10 34 0 48000 143000 L52+;
5 15 47000 144000 0 1;
5 2 400p;
5 11 L 52;
1 Bound 46500 143000 48000 153000;
( Rotate 180 );
9 ind;
C 0 R -1 0 T 49000 153000;
(SymbolCall ind);
5 10 29 1 92000 153000 L53-;
5 10 88 0 92000 143000 L53+;
5 15 91000 144000 0 1;
5 11 L 53;
5 2 400p;
1 Bound 90500 143000 92000 153000;
( Rotate 180 );
9 ind;
C 0 R -1 0 T 93000 153000;
(SymbolCall ind);
5 10 30 1 -125000 143000 L54-;
5 10 89 0 -135000 143000 L54+;
5 15 -134000 144000 1 0;
5 2 10p;
5 11 L 54;
1 Bound -135000 143000 -125000 144500;
( Rotate 90 );
9 ind;
C 0 R 0 1 T -125000 142000;
(SymbolCall ind);
5 10 31 1 -83000 143000 L55-;
5 10 30 0 -93000 143000 L55+;
5 15 -92000 144000 1 0;
5 2 10p;
5 11 L 55;
1 Bound -93000 143000 -83000 144500;
( Rotate 90 );
9 ind;
C 0 R 0 1 T -83000 142000;
(SymbolCall ind);
5 10 32 1 -46000 143000 L56-;
5 10 31 0 -56000 143000 L56+;
5 15 -55000 144000 1 0;
5 2 10p;
5 11 L 56;
1 Bound -56000 143000 -46000 144500;
( Rotate 90 );
9 ind;
C 0 R 0 1 T -46000 142000;
(SymbolCall ind);
5 10 33 1 -2000 143000 L57-;
5 10 32 0 -12000 143000 L57+;
5 15 -11000 144000 1 0;
5 2 10p;
5 11 L 57;
1 Bound -12000 143000 -2000 144500;
( Rotate 90 );
9 ind;
C 0 R 0 1 T -2000 142000;
(SymbolCall ind);
5 10 34 1 48000 143000 L58-;
5 10 33 0 38000 143000 L58+;
5 15 39000 144000 1 0;
5 2 10p;
5 11 L 58;
1 Bound 38000 143000 48000 144500;
( Rotate 90 );
9 ind;
C 0 R 0 1 T 48000 142000;
(SymbolCall ind);
5 10 88 1 92000 143000 L59-;
5 10 34 0 82000 143000 L59+;
5 15 83000 144000 1 0;
5 2 10p;
5 11 L 59;
1 Bound 82000 143000 92000 144500;
( Rotate 90 );
9 ind;
C 0 R 0 1 T 92000 142000;
(SymbolCall ind);
5 10 35 1 -125000 133000 L60-;
5 10 30 0 -125000 143000 L60+;
5 15 -124000 142000 0 -1;
5 11 L 60;
5 2 400p;
1 Bound -125000 133000 -123500 143000;
9 ind;
C 0 T -126000 133000;
(SymbolCall ind);
5 10 36 1 -83000 133000 L61-;
5 10 31 0 -83000 143000 L61+;
5 15 -82000 142000 0 -1;
5 2 400p;
5 11 L 61;
1 Bound -83000 133000 -81500 143000;
9 ind;
C 0 T -84000 133000;
(SymbolCall ind);
5 10 37 1 -46000 133000 L62-;
5 10 32 0 -46000 143000 L62+;
5 15 -45000 142000 0 -1;
5 2 400p;
5 11 L 62;
1 Bound -46000 133000 -44500 143000;
9 ind;
C 0 T -47000 133000;
(SymbolCall ind);
5 10 38 1 -2000 133000 L63-;
5 10 33 0 -2000 143000 L63+;
5 15 -1000 142000 0 -1;
5 11 L 63;
5 2 400p;
1 Bound -2000 133000 -500 143000;
9 ind;
C 0 T -3000 133000;
(SymbolCall ind);
5 10 39 1 48000 133000 L64-;
5 10 34 0 48000 143000 L64+;
5 15 49000 142000 0 -1;
5 2 400p;
5 11 L 64;
1 Bound 48000 133000 49500 143000;
9 ind;
C 0 T 47000 133000;
(SymbolCall ind);
5 10 40 1 92000 133000 L65-;
5 10 88 0 92000 143000 L65+;
5 15 93000 142000 0 -1;
5 11 L 65;
5 2 400p;
1 Bound 92000 133000 93500 143000;
9 ind;
C 0 T 91000 133000;
(SymbolCall ind);
5 10 41 1 -119000 113000 L66-;
5 10 90 0 -119000 123000 L66+;
5 15 -118000 122000 0 -1;
5 11 L 66;
5 2 1p;
1 Bound -119000 113000 -117500 123000;
9 ind;
C 0 T -120000 113000;
(SymbolCall ind);
5 10 42 1 -77000 113000 L67-;
5 10 91 0 -77000 123000 L67+;
5 15 -76000 122000 0 -1;
5 2 1p;
5 11 L 67;
1 Bound -77000 113000 -75500 123000;
9 ind;
C 0 T -78000 113000;
(SymbolCall ind);
5 10 43 1 -40000 113000 L68-;
5 10 92 0 -40000 123000 L68+;
5 15 -39000 122000 0 -1;
5 2 1p;
5 11 L 68;
1 Bound -40000 113000 -38500 123000;
9 ind;
C 0 T -41000 113000;
(SymbolCall ind);
5 10 44 1 4000 113000 L69-;
5 10 93 0 4000 123000 L69+;
5 15 5000 122000 0 -1;
5 11 L 69;
5 2 1p;
1 Bound 4000 113000 5500 123000;
9 ind;
C 0 T 3000 113000;
(SymbolCall ind);
5 10 45 1 54000 113000 L70-;
5 10 94 0 54000 123000 L70+;
5 15 55000 122000 0 -1;
5 2 1p;
5 11 L 70;
1 Bound 54000 113000 55500 123000;
9 ind;
C 0 T 53000 113000;
(SymbolCall ind);
5 10 46 1 98000 113000 L71-;
5 10 95 0 98000 123000 L71+;
5 15 99000 122000 0 -1;
5 11 L 71;
5 2 1p;
1 Bound 98000 113000 99500 123000;
9 ind;
C 0 T 97000 113000;
(SymbolCall ind);
5 10 48 1 -13000 100000 L72-;
5 10 96 0 -23000 100000 L72+;
5 15 -22000 101000 1 0;
5 11 L 72;
5 2 1p;
1 Bound -23000 100000 -13000 101500;
( Rotate 90 );
9 ind;
C 0 R 0 1 T -13000 99000;
(SymbolCall ind);
5 10 43 1 -49000 94000 L73-;
5 10 1 0 -59000 94000 L73+;
5 15 -58000 95000 1 0;
5 2 2.158p;
5 11 L 73;
1 Bound -59000 94000 -49000 95500;
( Rotate 90 );
9 ind;
C 0 R 0 1 T -49000 93000;
(SymbolCall ind);
5 10 47 1 -33000 94000 L74-;
5 10 43 0 -43000 94000 L74+;
5 15 -42000 95000 1 0;
5 2 3.952p;
5 11 L 74;
1 Bound -43000 94000 -33000 95500;
( Rotate 90 );
9 ind;
C 0 R 0 1 T -33000 93000;
(SymbolCall ind);
5 10 44 1 3000 94000 L75-;
5 10 48 0 -7000 94000 L75+;
5 15 -6000 95000 1 0;
5 2 0.047p;
5 11 L 75;
1 Bound -7000 94000 3000 95500;
( Rotate 90 );
9 ind;
C 0 R 0 1 T 3000 93000;
(SymbolCall ind);
5 10 49 1 13000 94000 L76-;
5 10 44 0 3000 94000 L76+;
5 15 4000 95000 1 0;
5 2 3.546p;
5 11 L 76;
1 Bound 3000 94000 13000 95500;
( Rotate 90 );
9 ind;
C 0 R 0 1 T 13000 93000;
(SymbolCall ind);
5 10 0 1 -49000 74000 L77-;
5 10 97 0 -49000 84000 L77+;
5 15 -48000 83000 0 -1;
5 2 0.2p;
5 11 L 77;
1 Bound -49000 74000 -47500 84000;
9 ind;
C 0 T -50000 74000;
(SymbolCall ind);
5 10 0 1 -43000 74000 L78-;
5 10 98 0 -43000 84000 L78+;
5 15 -42000 83000 0 -1;
5 2 1p;
5 11 L 78;
1 Bound -43000 74000 -41500 84000;
9 ind;
C 0 T -44000 74000;
(SymbolCall ind);
5 10 0 1 -13000 74000 L79-;
5 10 99 0 -13000 84000 L79+;
5 15 -12000 83000 0 -1;
5 11 L 79;
5 2 0.2p;
1 Bound -13000 74000 -11500 84000;
9 ind;
C 0 T -14000 74000;
(SymbolCall ind);
5 10 0 1 -7000 74000 L80-;
5 10 100 0 -7000 84000 L80+;
5 15 -6000 83000 0 -1;
5 11 L 80;
5 2 1p;
1 Bound -7000 74000 -5500 84000;
9 ind;
C 0 T -8000 74000;
(SymbolCall ind);
5 10 51 1 -9000 45000 L81-;
5 10 101 0 -19000 45000 L81+;
5 15 -18000 46000 1 0;
5 11 L 81;
5 2 1p;
1 Bound -19000 45000 -9000 46500;
( Rotate 90 );
9 ind;
C 0 R 0 1 T -9000 44000;
(SymbolCall ind);
5 10 42 1 -45000 39000 L82-;
5 10 2 0 -55000 39000 L82+;
5 15 -54000 40000 1 0;
5 2 2.623p;
5 11 L 82;
1 Bound -55000 39000 -45000 40500;
( Rotate 90 );
9 ind;
C 0 R 0 1 T -45000 38000;
(SymbolCall ind);
5 10 50 1 -29000 39000 L83-;
5 10 42 0 -39000 39000 L83+;
5 15 -38000 40000 1 0;
5 2 2.964p;
5 11 L 83;
1 Bound -39000 39000 -29000 40500;
( Rotate 90 );
9 ind;
C 0 R 0 1 T -29000 38000;
(SymbolCall ind);
5 10 49 1 7000 39000 L84-;
5 10 51 0 -3000 39000 L84+;
5 15 -2000 40000 1 0;
5 2 2.938p;
5 11 L 84;
1 Bound -3000 39000 7000 40500;
( Rotate 90 );
9 ind;
C 0 R 0 1 T 7000 38000;
(SymbolCall ind);
5 10 0 1 -45000 19000 L85-;
5 10 102 0 -45000 29000 L85+;
5 15 -44000 28000 0 -1;
5 2 0.2p;
5 11 L 85;
1 Bound -45000 19000 -43500 29000;
9 ind;
C 0 T -46000 19000;
(SymbolCall ind);
5 10 0 1 -39000 19000 L86-;
5 10 103 0 -39000 29000 L86+;
5 15 -38000 28000 0 -1;
5 2 1p;
5 11 L 86;
1 Bound -39000 19000 -37500 29000;
9 ind;
C 0 T -40000 19000;
(SymbolCall ind);
5 10 0 1 -9000 19000 L87-;
5 10 104 0 -9000 29000 L87+;
5 15 -8000 28000 0 -1;
5 11 L 87;
5 2 0.2p;
1 Bound -9000 19000 -7500 29000;
9 ind;
C 0 T -10000 19000;
(SymbolCall ind);
5 10 0 1 -3000 19000 L88-;
5 10 105 0 -3000 29000 L88+;
5 15 -2000 28000 0 -1;
5 11 L 88;
5 2 1p;
1 Bound -3000 19000 -1500 29000;
9 ind;
C 0 T -4000 19000;
(SymbolCall ind);
5 10 52 1 13000 19000 L89-;
5 10 106 0 13000 29000 L89+;
5 15 14000 28000 0 -1;
5 11 L 89;
5 2 1p;
1 Bound 13000 19000 14500 29000;
9 ind;
C 0 T 12000 19000;
(SymbolCall ind);
5 10 45 1 13000 9000 L90-;
5 10 52 0 13000 19000 L90+;
5 15 14000 18000 0 -1;
5 2 0.468p;
5 11 L 90;
1 Bound 13000 9000 14500 19000;
9 ind;
C 0 T 12000 9000;
(SymbolCall ind);
5 10 107 1 13000 -1000 L91-;
5 10 45 0 13000 9000 L91+;
5 15 14000 8000 0 -1;
5 2 0.445p;
5 11 L 91;
1 Bound 13000 -1000 14500 9000;
9 ind;
C 0 T 12000 -1000;
(SymbolCall ind);
5 10 54 1 3000 5000 L92-;
5 10 108 0 -7000 5000 L92+;
5 15 -6000 6000 1 0;
5 2 1p;
5 11 L 92;
1 Bound -7000 5000 3000 6500;
( Rotate 90 );
9 ind;
C 0 R 0 1 T 3000 4000;
(SymbolCall ind);
5 10 55 1 -43000 -1000 L93-;
5 10 3 0 -53000 -1000 L93+;
5 15 -52000 0 1 0;
5 2 2.158p;
5 11 L 93;
1 Bound -53000 -1000 -43000 500;
( Rotate 90 );
9 ind;
C 0 R 0 1 T -43000 -2000;
(SymbolCall ind);
5 10 41 1 -27000 -1000 L94-;
5 10 55 0 -37000 -1000 L94+;
5 15 -36000 0 1 0;
5 2 1.5p;
5 11 L 94;
1 Bound -37000 -1000 -27000 500;
( Rotate 90 );
9 ind;
C 0 R 0 1 T -27000 -2000;
(SymbolCall ind);
5 10 53 1 -17000 -1000 L95-;
5 10 41 0 -27000 -1000 L95+;
5 15 -26000 0 1 0;
5 2 2p;
5 11 L 95;
1 Bound -27000 -1000 -17000 500;
( Rotate 90 );
9 ind;
C 0 R 0 1 T -17000 -2000;
(SymbolCall ind);
5 10 107 1 13000 -1000 L96-;
5 10 54 0 3000 -1000 L96+;
5 15 4000 0 1 0;
5 2 2.954p;
5 11 L 96;
1 Bound 3000 -1000 13000 500;
( Rotate 90 );
9 ind;
C 0 R 0 1 T 13000 -2000;
(SymbolCall ind);
5 10 56 1 23000 -1000 L97-;
5 10 107 0 13000 -1000 L97+;
5 15 14000 0 1 0;
5 2 0.939p;
5 11 L 97;
1 Bound 13000 -1000 23000 500;
( Rotate 90 );
9 ind;
C 0 R 0 1 T 23000 -2000;
(SymbolCall ind);
5 10 46 1 39000 -1000 L98-;
5 10 56 0 29000 -1000 L98+;
5 15 30000 0 1 0;
5 2 3.051p;
5 11 L 98;
1 Bound 29000 -1000 39000 500;
( Rotate 90 );
9 ind;
C 0 R 0 1 T 39000 -2000;
(SymbolCall ind);
5 10 57 1 49000 -1000 L99-;
5 10 46 0 39000 -1000 L99+;
5 15 40000 0 1 0;
5 2 1.5p;
5 11 L 99;
1 Bound 39000 -1000 49000 500;
( Rotate 90 );
9 ind;
C 0 R 0 1 T 49000 -2000;
(SymbolCall ind);
5 10 5 1 65000 -1000 L100-;
5 10 57 0 55000 -1000 L100+;
5 15 56000 0 1 0;
5 2 2.031p;
5 11 L 100;
1 Bound 55000 -1000 65000 500;
( Rotate 90 );
9 ind;
C 0 R 0 1 T 65000 -2000;
(SymbolCall ind);
5 10 0 1 -43000 -21000 L101-;
5 10 109 0 -43000 -11000 L101+;
5 15 -42000 -12000 0 -1;
5 2 0.2p;
5 11 L 101;
1 Bound -43000 -21000 -41500 -11000;
9 ind;
C 0 T -44000 -21000;
(SymbolCall ind);
5 10 0 1 -37000 -21000 L102-;
5 10 110 0 -37000 -11000 L102+;
5 15 -36000 -12000 0 -1;
5 2 1p;
5 11 L 102;
1 Bound -37000 -21000 -35500 -11000;
9 ind;
C 0 T -38000 -21000;
(SymbolCall ind);
5 10 0 1 23000 -21000 L103-;
5 10 111 0 23000 -11000 L103+;
5 15 24000 -12000 0 -1;
5 11 L 103;
5 2 0.2p;
1 Bound 23000 -21000 24500 -11000;
9 ind;
C 0 T 22000 -21000;
(SymbolCall ind);
5 10 0 1 29000 -21000 L104-;
5 10 112 0 29000 -11000 L104+;
5 15 30000 -12000 0 -1;
5 11 L 104;
5 2 1p;
1 Bound 29000 -21000 30500 -11000;
9 ind;
C 0 T 28000 -21000;
(SymbolCall ind);
5 10 0 1 49000 -21000 L105-;
5 10 113 0 49000 -11000 L105+;
5 15 50000 -12000 0 -1;
5 2 0.2p;
5 11 L 105;
1 Bound 49000 -21000 50500 -11000;
9 ind;
C 0 T 48000 -21000;
(SymbolCall ind);
5 10 0 1 55000 -21000 L106-;
5 10 114 0 55000 -11000 L106+;
5 15 56000 -12000 0 -1;
5 2 1p;
5 11 L 106;
1 Bound 55000 -21000 56500 -11000;
9 ind;
C 0 T 54000 -21000;
(SymbolCall isrc);
5 10 89 1 -135000 143000 I0_1;
5 10 0 0 -135000 133000 I0_0;
5 15 -135000 139000 0 1 @<name>[c];
5 2 pwl(0 0 5p 2738u);
5 5 nophys;
5 11 I 0;
1 Bound -137000 133000 -133000 143000;
( Rotate 180 );
9 isrc;
C 0 R -1 0 T -133000 143000;
(SymbolCall jj);
5 10 115 2 -128000 185000 B0_2;
5 10 59 1 -129000 193000 B0-;
5 10 6 0 -129000 183000 B0+;
5 11 B 0;
5 1 jjmit;
5 3 area=2.5;
1 Bound -130500 183000 -127500 193000;
( Rotate 180 );
9 jj;
C 0 R -1 0 T -128000 193000;
(SymbolCall jj);
5 10 116 2 -102000 185000 B1_2;
5 10 61 1 -103000 193000 B1-;
5 10 8 0 -103000 183000 B1+;
5 11 B 1;
5 1 jjmit;
5 3 area=2.5;
1 Bound -104500 183000 -101500 193000;
( Rotate 180 );
9 jj;
C 0 R -1 0 T -102000 193000;
(SymbolCall jj);
5 10 117 2 -86000 185000 B2_2;
5 10 63 1 -87000 193000 B2-;
5 10 9 0 -87000 183000 B2+;
5 3 area=2.5;
5 1 jjmit;
5 11 B 2;
1 Bound -88500 183000 -85500 193000;
( Rotate 180 );
9 jj;
C 0 R -1 0 T -86000 193000;
(SymbolCall jj);
5 10 118 2 -60000 185000 B3_2;
5 10 65 1 -61000 193000 B3-;
5 10 11 0 -61000 183000 B3+;
5 3 area=2.5;
5 1 jjmit;
5 11 B 3;
1 Bound -62500 183000 -59500 193000;
( Rotate 180 );
9 jj;
C 0 R -1 0 T -60000 193000;
(SymbolCall jj);
5 10 119 2 -44000 185000 B4_2;
5 10 67 1 -45000 193000 B4-;
5 10 12 0 -45000 183000 B4+;
5 3 area=2.5;
5 1 jjmit;
5 11 B 4;
1 Bound -46500 183000 -43500 193000;
( Rotate 180 );
9 jj;
C 0 R -1 0 T -44000 193000;
(SymbolCall jj);
5 10 120 2 -18000 185000 B5_2;
5 10 69 1 -19000 193000 B5-;
5 10 14 0 -19000 183000 B5+;
5 3 area=2.5;
5 1 jjmit;
5 11 B 5;
1 Bound -20500 183000 -17500 193000;
( Rotate 180 );
9 jj;
C 0 R -1 0 T -18000 193000;
(SymbolCall jj);
5 10 121 2 -2000 185000 B6_2;
5 10 71 1 -3000 193000 B6-;
5 10 15 0 -3000 183000 B6+;
5 3 area=2.5;
5 1 jjmit;
5 11 B 6;
1 Bound -4500 183000 -1500 193000;
( Rotate 180 );
9 jj;
C 0 R -1 0 T -2000 193000;
(SymbolCall jj);
5 10 122 2 24000 185000 B7_2;
5 10 73 1 23000 193000 B7-;
5 10 17 0 23000 183000 B7+;
5 3 area=2.5;
5 1 jjmit;
5 11 B 7;
1 Bound 21500 183000 24500 193000;
( Rotate 180 );
9 jj;
C 0 R -1 0 T 24000 193000;
(SymbolCall jj);
5 10 123 2 40000 185000 B8_2;
5 10 75 1 39000 193000 B8-;
5 10 18 0 39000 183000 B8+;
5 3 area=2.5;
5 1 jjmit;
5 11 B 8;
1 Bound 37500 183000 40500 193000;
( Rotate 180 );
9 jj;
C 0 R -1 0 T 40000 193000;
(SymbolCall jj);
5 10 124 2 66000 185000 B9_2;
5 10 77 1 65000 193000 B9-;
5 10 20 0 65000 183000 B9+;
5 3 area=2.5;
5 1 jjmit;
5 11 B 9;
1 Bound 63500 183000 66500 193000;
( Rotate 180 );
9 jj;
C 0 R -1 0 T 66000 193000;
(SymbolCall jj);
5 10 125 2 82000 185000 B10_2;
5 10 79 1 81000 193000 B10-;
5 10 21 0 81000 183000 B10+;
5 11 B 10;
5 1 jjmit;
5 3 area=2.5;
1 Bound 79500 183000 82500 193000;
( Rotate 180 );
9 jj;
C 0 R -1 0 T 82000 193000;
(SymbolCall jj);
5 10 126 2 108000 185000 B11_2;
5 10 81 1 107000 193000 B11-;
5 10 23 0 107000 183000 B11+;
5 11 B 11;
5 1 jjmit;
5 3 area=2.5;
1 Bound 105500 183000 108500 193000;
( Rotate 180 );
9 jj;
C 0 R -1 0 T 108000 193000;
(SymbolCall jj);
5 10 127 2 -118000 155000 B12_2;
5 10 7 1 -119000 163000 B12-;
5 10 24 0 -119000 153000 B12+;
5 11 B 12;
5 3 area=3.5;
5 1 jjmit;
1 Bound -120500 153000 -117500 163000;
( Rotate 180 );
9 jj;
C 0 R -1 0 T -118000 163000;
(SymbolCall jj);
5 10 128 2 -76000 155000 B13_2;
5 10 10 1 -77000 163000 B13-;
5 10 25 0 -77000 153000 B13+;
5 3 area=3.5;
5 11 B 13;
5 1 jjmit;
1 Bound -78500 153000 -75500 163000;
( Rotate 180 );
9 jj;
C 0 R -1 0 T -76000 163000;
(SymbolCall jj);
5 10 129 2 -39000 155000 B14_2;
5 10 13 1 -40000 163000 B14-;
5 10 26 0 -40000 153000 B14+;
5 1 jjmit;
5 3 area=3.5;
5 11 B 14;
1 Bound -41500 153000 -38500 163000;
( Rotate 180 );
9 jj;
C 0 R -1 0 T -39000 163000;
(SymbolCall jj);
5 10 130 2 5000 155000 B15_2;
5 10 16 1 4000 163000 B15-;
5 10 27 0 4000 153000 B15+;
5 11 B 15;
5 3 area=3.5;
5 1 jjmit;
1 Bound 2500 153000 5500 163000;
( Rotate 180 );
9 jj;
C 0 R -1 0 T 5000 163000;
(SymbolCall jj);
5 10 131 2 55000 155000 B16_2;
5 10 19 1 54000 163000 B16-;
5 10 28 0 54000 153000 B16+;
5 1 jjmit;
5 3 area=3.5;
5 11 B 16;
1 Bound 52500 153000 55500 163000;
( Rotate 180 );
9 jj;
C 0 R -1 0 T 55000 163000;
(SymbolCall jj);
5 10 132 2 99000 155000 B17_2;
5 10 22 1 98000 163000 B17-;
5 10 29 0 98000 153000 B17+;
5 11 B 17;
5 3 area=3.5;
5 1 jjmit;
1 Bound 96500 153000 99500 163000;
( Rotate 180 );
9 jj;
C 0 R -1 0 T 99000 163000;
(SymbolCall jj);
5 10 133 2 -126000 131000 B18_2;
5 10 41 1 -125000 123000 B18-;
5 10 35 0 -125000 133000 B18+;
5 3 area=2.6;
5 11 B 18;
5 1 jjmit;
1 Bound -126500 123000 -123500 133000;
9 jj;
C 0 T -126000 123000;
(SymbolCall jj);
5 10 134 2 -84000 131000 B19_2;
5 10 42 1 -83000 123000 B19-;
5 10 36 0 -83000 133000 B19+;
5 3 area=1.8;
5 1 jjmit;
5 11 B 19;
1 Bound -84500 123000 -81500 133000;
9 jj;
C 0 T -84000 123000;
(SymbolCall jj);
5 10 135 2 -47000 131000 B20_2;
5 10 43 1 -46000 123000 B20-;
5 10 37 0 -46000 133000 B20+;
5 3 area=2.2;
5 1 jjmit;
5 11 B 20;
1 Bound -47500 123000 -44500 133000;
9 jj;
C 0 T -47000 123000;
(SymbolCall jj);
5 10 136 2 -3000 131000 B21_2;
5 10 44 1 -2000 123000 B21-;
5 10 38 0 -2000 133000 B21+;
5 11 B 21;
5 1 jjmit;
5 3 area=1.08;
1 Bound -3500 123000 -500 133000;
9 jj;
C 0 T -3000 123000;
(SymbolCall jj);
5 10 137 2 47000 131000 B22_2;
5 10 45 1 48000 123000 B22-;
5 10 39 0 48000 133000 B22+;
5 1 jjmit;
5 3 area=1;
5 11 B 22;
1 Bound 46500 123000 49500 133000;
9 jj;
C 0 T 47000 123000;
(SymbolCall jj);
5 10 138 2 91000 131000 B23_2;
5 10 46 1 92000 123000 B23-;
5 10 40 0 92000 133000 B23+;
5 11 B 23;
5 1 jjmit;
5 3 area=0.7;
1 Bound 90500 123000 93500 133000;
9 jj;
C 0 T 91000 123000;
(SymbolCall jj);
5 10 139 2 -31000 93000 B24_2;
5 10 48 1 -23000 94000 B24-;
5 10 47 0 -33000 94000 B24+;
5 3 area=2.03;
5 11 B 24;
5 1 jjmit;
1 Bound -33000 92500 -23000 95500;
( Rotate 90 );
9 jj;
C 0 R 0 1 T -23000 93000;
(SymbolCall jj);
5 10 140 2 -50000 92000 B25_2;
5 10 97 1 -49000 84000 B25-;
5 10 43 0 -49000 94000 B25+;
5 3 area=2.18;
5 1 jjmit;
5 11 B 25;
1 Bound -50500 84000 -47500 94000;
9 jj;
C 0 T -50000 84000;
(SymbolCall jj);
5 10 141 2 -14000 92000 B26_2;
5 10 99 1 -13000 84000 B26-;
5 10 48 0 -13000 94000 B26+;
5 3 area=1.32;
5 11 B 26;
5 1 jjmit;
1 Bound -14500 84000 -11500 94000;
9 jj;
C 0 T -14000 84000;
(SymbolCall jj);
5 10 142 2 -27000 38000 B27_2;
5 10 51 1 -19000 39000 B27-;
5 10 50 0 -29000 39000 B27+;
5 3 area=2.25;
5 11 B 27;
5 1 jjmit;
1 Bound -29000 37500 -19000 40500;
( Rotate 90 );
9 jj;
C 0 R 0 1 T -19000 38000;
(SymbolCall jj);
5 10 143 2 -46000 37000 B28_2;
5 10 102 1 -45000 29000 B28-;
5 10 42 0 -45000 39000 B28+;
5 3 area=2.17;
5 1 jjmit;
5 11 B 28;
1 Bound -46500 29000 -43500 39000;
9 jj;
C 0 T -46000 29000;
(SymbolCall jj);
5 10 144 2 -10000 37000 B29_2;
5 10 104 1 -9000 29000 B29-;
5 10 51 0 -9000 39000 B29+;
5 3 area=2.8;
5 11 B 29;
5 1 jjmit;
1 Bound -10500 29000 -7500 39000;
9 jj;
C 0 T -10000 29000;
(SymbolCall jj);
5 10 145 2 6000 37000 B30_2;
5 10 52 1 7000 29000 B30-;
5 10 49 0 7000 39000 B30+;
5 11 B 30;
5 1 jjmit;
5 3 area=1;
1 Bound 5500 29000 8500 39000;
9 jj;
C 0 T 6000 29000;
(SymbolCall jj);
5 10 146 2 -15000 -2000 B31_2;
5 10 54 1 -7000 -1000 B31-;
5 10 53 0 -17000 -1000 B31+;
5 3 area=1.75;
5 1 jjmit;
5 11 B 31;
1 Bound -17000 -2500 -7000 500;
( Rotate 90 );
9 jj;
C 0 R 0 1 T -7000 -2000;
(SymbolCall jj);
5 10 147 2 -44000 -3000 B32_2;
5 10 109 1 -43000 -11000 B32-;
5 10 55 0 -43000 -1000 B32+;
5 3 area=2.5;
5 1 jjmit;
5 11 B 32;
1 Bound -44500 -11000 -41500 -1000;
9 jj;
C 0 T -44000 -11000;
(SymbolCall jj);
5 10 148 2 22000 -3000 B33_2;
5 10 111 1 23000 -11000 B33-;
5 10 56 0 23000 -1000 B33+;
5 3 area=1.76;
5 11 B 33;
5 1 jjmit;
1 Bound 21500 -11000 24500 -1000;
9 jj;
C 0 T 22000 -11000;
(SymbolCall jj);
5 10 149 2 48000 -3000 B34_2;
5 10 113 1 49000 -11000 B34-;
5 10 57 0 49000 -1000 B34+;
5 3 area=1.75;
5 1 jjmit;
5 11 B 34;
1 Bound 47500 -11000 50500 -1000;
9 jj;
C 0 T 48000 -11000;
(SymbolCall res);
5 10 58 1 -135000 193000 R0-;
5 10 6 0 -135000 183000 R0+;
5 15 -134000 184000 0 1 "<v>/<value>O";
5 11 R 0;
5 2 3.88;
1 Bound -136000 183000 -133750 193000;
( Rotate 180 );
9 res;
C 0 R -1 0 T -135000 183000;
(SymbolCall res);
5 10 60 1 -109000 193000 R1-;
5 10 8 0 -109000 183000 R1+;
5 15 -108000 184000 0 1 "<v>/<value>O";
5 11 R 1;
5 2 3.88;
1 Bound -110000 183000 -107750 193000;
( Rotate 180 );
9 res;
C 0 R -1 0 T -109000 183000;
(SymbolCall res);
5 10 62 1 -93000 193000 R2-;
5 10 9 0 -93000 183000 R2+;
5 15 -92000 184000 0 1 "<v>/<value>O";
5 2 3.88;
5 11 R 2;
1 Bound -94000 183000 -91750 193000;
( Rotate 180 );
9 res;
C 0 R -1 0 T -93000 183000;
(SymbolCall res);
5 10 64 1 -67000 193000 R3-;
5 10 11 0 -67000 183000 R3+;
5 15 -66000 184000 0 1 "<v>/<value>O";
5 2 3.88;
5 11 R 3;
1 Bound -68000 183000 -65750 193000;
( Rotate 180 );
9 res;
C 0 R -1 0 T -67000 183000;
(SymbolCall res);
5 10 66 1 -51000 193000 R4-;
5 10 12 0 -51000 183000 R4+;
5 15 -50000 184000 0 1 "<v>/<value>O";
5 2 3.88;
5 11 R 4;
1 Bound -52000 183000 -49750 193000;
( Rotate 180 );
9 res;
C 0 R -1 0 T -51000 183000;
(SymbolCall res);
5 10 68 1 -25000 193000 R5-;
5 10 14 0 -25000 183000 R5+;
5 15 -24000 184000 0 1 "<v>/<value>O";
5 2 3.88;
5 11 R 5;
1 Bound -26000 183000 -23750 193000;
( Rotate 180 );
9 res;
C 0 R -1 0 T -25000 183000;
(SymbolCall res);
5 10 70 1 -9000 193000 R6-;
5 10 15 0 -9000 183000 R6+;
5 15 -8000 184000 0 1 "<v>/<value>O";
5 2 3.88;
5 11 R 6;
1 Bound -10000 183000 -7750 193000;
( Rotate 180 );
9 res;
C 0 R -1 0 T -9000 183000;
(SymbolCall res);
5 10 72 1 17000 193000 R7-;
5 10 17 0 17000 183000 R7+;
5 15 18000 184000 0 1 "<v>/<value>O";
5 2 3.88;
5 11 R 7;
1 Bound 16000 183000 18250 193000;
( Rotate 180 );
9 res;
C 0 R -1 0 T 17000 183000;
(SymbolCall res);
5 10 74 1 33000 193000 R8-;
5 10 18 0 33000 183000 R8+;
5 15 34000 184000 0 1 "<v>/<value>O";
5 2 3.88;
5 11 R 8;
1 Bound 32000 183000 34250 193000;
( Rotate 180 );
9 res;
C 0 R -1 0 T 33000 183000;
(SymbolCall res);
5 10 76 1 59000 193000 R9-;
5 10 20 0 59000 183000 R9+;
5 15 60000 184000 0 1 "<v>/<value>O";
5 2 3.88;
5 11 R 9;
1 Bound 58000 183000 60250 193000;
( Rotate 180 );
9 res;
C 0 R -1 0 T 59000 183000;
(SymbolCall res);
5 10 78 1 75000 193000 R10-;
5 10 21 0 75000 183000 R10+;
5 15 76000 184000 0 1 "<v>/<value>O";
5 11 R 10;
5 2 3.88;
1 Bound 74000 183000 76250 193000;
( Rotate 180 );
9 res;
C 0 R -1 0 T 75000 183000;
(SymbolCall res);
5 10 80 1 101000 193000 R11-;
5 10 23 0 101000 183000 R11+;
5 15 102000 184000 0 1 "<v>/<value>O";
5 11 R 11;
5 2 3.88;
1 Bound 100000 183000 102250 193000;
( Rotate 180 );
9 res;
C 0 R -1 0 T 101000 183000;
(SymbolCall res);
5 10 82 1 -125000 163000 R12-;
5 10 24 0 -125000 153000 R12+;
5 15 -124000 154000 0 1 "<v>/<value>O";
5 11 R 12;
5 2 1.96;
1 Bound -126000 153000 -123750 163000;
( Rotate 180 );
9 res;
C 0 R -1 0 T -125000 153000;
(SymbolCall res);
5 10 83 1 -83000 163000 R13-;
5 10 25 0 -83000 153000 R13+;
5 15 -82000 154000 0 1 "<v>/<value>O";
5 2 1.96;
5 11 R 13;
1 Bound -84000 153000 -81750 163000;
( Rotate 180 );
9 res;
C 0 R -1 0 T -83000 153000;
(SymbolCall res);
5 10 84 1 -46000 163000 R14-;
5 10 26 0 -46000 153000 R14+;
5 15 -45000 154000 0 1 "<v>/<value>O";
5 2 1.96;
5 11 R 14;
1 Bound -47000 153000 -44750 163000;
( Rotate 180 );
9 res;
C 0 R -1 0 T -46000 153000;
(SymbolCall res);
5 10 85 1 -2000 163000 R15-;
5 10 27 0 -2000 153000 R15+;
5 15 -1000 154000 0 1 "<v>/<value>O";
5 11 R 15;
5 2 1.96;
1 Bound -3000 153000 -750 163000;
( Rotate 180 );
9 res;
C 0 R -1 0 T -2000 153000;
(SymbolCall res);
5 10 86 1 48000 163000 R16-;
5 10 28 0 48000 153000 R16+;
5 15 49000 154000 0 1 "<v>/<value>O";
5 2 1.96;
5 11 R 16;
1 Bound 47000 153000 49250 163000;
( Rotate 180 );
9 res;
C 0 R -1 0 T 48000 153000;
(SymbolCall res);
5 10 87 1 92000 163000 R17-;
5 10 29 0 92000 153000 R17+;
5 15 93000 154000 0 1 "<v>/<value>O";
5 11 R 17;
5 2 1.96;
1 Bound 91000 153000 93250 163000;
( Rotate 180 );
9 res;
C 0 R -1 0 T 92000 153000;
(SymbolCall res);
5 10 90 1 -119000 123000 R18-;
5 10 35 0 -119000 133000 R18+;
5 15 -120000 132000 0 -1 "<v>/<value>O";
5 2 2.63;
5 11 R 18;
1 Bound -120250 123000 -118000 133000;
9 res;
C 0 T -119000 133000;
(SymbolCall res);
5 10 91 1 -77000 123000 R19-;
5 10 36 0 -77000 133000 R19+;
5 15 -78000 132000 0 -1 "<v>/<value>O";
5 2 3.81;
5 11 R 19;
1 Bound -78250 123000 -76000 133000;
9 res;
C 0 T -77000 133000;
(SymbolCall res);
5 10 92 1 -40000 123000 R20-;
5 10 37 0 -40000 133000 R20+;
5 15 -41000 132000 0 -1 "<v>/<value>O";
5 2 3.12;
5 11 R 20;
1 Bound -41250 123000 -39000 133000;
9 res;
C 0 T -40000 133000;
(SymbolCall res);
5 10 93 1 4000 123000 R21-;
5 10 38 0 4000 133000 R21+;
5 15 3000 132000 0 -1 "<v>/<value>O";
5 11 R 21;
5 2 6.35;
1 Bound 2750 123000 5000 133000;
9 res;
C 0 T 4000 133000;
(SymbolCall res);
5 10 94 1 54000 123000 R22-;
5 10 39 0 54000 133000 R22+;
5 15 53000 132000 0 -1 "<v>/<value>O";
5 2 6.86;
5 11 R 22;
1 Bound 52750 123000 55000 133000;
9 res;
C 0 T 54000 133000;
(SymbolCall res);
5 10 95 1 98000 123000 R23-;
5 10 40 0 98000 133000 R23+;
5 15 97000 132000 0 -1 "<v>/<value>O";
5 11 R 23;
5 2 9.8;
1 Bound 96750 123000 99000 133000;
9 res;
C 0 T 98000 133000;
(SymbolCall res);
5 10 96 1 -23000 100000 R24-;
5 10 47 0 -33000 100000 R24+;
5 15 -32000 99000 1 0 "<v>/<value>O";
5 2 4.85;
5 11 R 24;
1 Bound -33000 98750 -23000 101000;
( Rotate 90 );
9 res;
C 0 R 0 1 T -33000 100000;
(SymbolCall res);
5 10 98 1 -43000 84000 R25-;
5 10 43 0 -43000 94000 R25+;
5 15 -44000 93000 0 -1 "<v>/<value>O";
5 2 4.45;
5 11 R 25;
1 Bound -44250 84000 -42000 94000;
9 res;
C 0 T -43000 94000;
(SymbolCall res);
5 10 100 1 -7000 84000 R26-;
5 10 48 0 -7000 94000 R26+;
5 15 -8000 93000 0 -1 "<v>/<value>O";
5 2 7.35;
5 11 R 26;
1 Bound -8250 84000 -6000 94000;
9 res;
C 0 T -7000 94000;
(SymbolCall res);
5 10 101 1 -19000 45000 R27-;
5 10 50 0 -29000 45000 R27+;
5 15 -28000 44000 1 0 "<v>/<value>O";
5 2 4.31;
5 11 R 27;
1 Bound -29000 43750 -19000 46000;
( Rotate 90 );
9 res;
C 0 R 0 1 T -29000 45000;
(SymbolCall res);
5 10 103 1 -39000 29000 R28-;
5 10 42 0 -39000 39000 R28+;
5 15 -40000 38000 0 -1 "<v>/<value>O";
5 2 4.47;
5 11 R 28;
1 Bound -40250 29000 -38000 39000;
9 res;
C 0 T -39000 39000;
(SymbolCall res);
5 10 105 1 -3000 29000 R29-;
5 10 51 0 -3000 39000 R29+;
5 15 -4000 38000 0 -1 "<v>/<value>O";
5 2 3.46;
5 11 R 29;
1 Bound -4250 29000 -2000 39000;
9 res;
C 0 T -3000 39000;
(SymbolCall res);
5 10 106 1 13000 29000 R30-;
5 10 49 0 13000 39000 R30+;
5 15 12000 38000 0 -1 "<v>/<value>O";
5 2 9.69;
5 11 R 30;
1 Bound 11750 29000 14000 39000;
9 res;
C 0 T 13000 39000;
(SymbolCall res);
5 10 108 1 -7000 5000 R31-;
5 10 53 0 -17000 5000 R31+;
5 15 -16000 4000 1 0 "<v>/<value>O";
5 2 5.54;
5 11 R 31;
1 Bound -17000 3750 -7000 6000;
( Rotate 90 );
9 res;
C 0 R 0 1 T -17000 5000;
(SymbolCall res);
5 10 110 1 -37000 -11000 R32-;
5 10 55 0 -37000 -1000 R32+;
5 15 -38000 -2000 0 -1 "<v>/<value>O";
5 2 3.88;
5 11 R 32;
1 Bound -38250 -11000 -36000 -1000;
9 res;
C 0 T -37000 -1000;
(SymbolCall res);
5 10 112 1 29000 -11000 R33-;
5 10 56 0 29000 -1000 R33+;
5 15 28000 -2000 0 -1 "<v>/<value>O";
5 2 5.54;
5 11 R 33;
1 Bound 27750 -11000 30000 -1000;
9 res;
C 0 T 29000 -1000;
(SymbolCall res);
5 10 114 1 55000 -11000 R34-;
5 10 57 0 55000 -1000 R34+;
5 15 54000 -2000 0 -1 "<v>/<value>O";
5 2 5.54;
5 11 R 34;
1 Bound 53750 -11000 56000 -1000;
9 res;
C 0 T 55000 -1000;
L SCED;
5 10 6;
W2 0 -129000 183000 -135000 183000;
5 10 7;
W2 0 -119000 183000 -119000 173000;
5 10 8;
W2 0 -103000 183000 -109000 183000;
5 10 9;
W2 0 -87000 183000 -93000 183000;
5 10 10;
W2 0 -77000 183000 -77000 173000;
5 10 11;
W2 0 -61000 183000 -67000 183000;
5 10 12;
W2 0 -45000 183000 -51000 183000;
5 10 13;
W2 0 -35000 183000 -35000 173000 -40000 173000;
5 10 14;
W2 0 -19000 183000 -25000 183000;
5 10 15;
W2 0 -3000 183000 -9000 183000;
5 10 16;
W2 0 7000 183000 7000 173000 4000 173000;
5 10 17;
W2 0 23000 183000 17000 183000;
5 10 18;
W2 0 39000 183000 33000 183000;
5 10 19;
W2 0 49000 183000 49000 173000;
5 10 20;
W2 0 65000 183000 59000 183000;
5 10 21;
W2 0 81000 183000 75000 183000;
5 10 22;
W2 0 91000 183000 91000 173000 92000 173000 98000 173000 98000 163000;
5 10 23;
W2 0 107000 183000 101000 183000;
5 10 7;
W2 0 -119000 163000 -119000 173000 -125000 173000;
5 10 10;
W2 0 -77000 163000 -77000 173000 -83000 173000;
5 10 13;
W2 0 -40000 163000 -40000 173000 -46000 173000;
5 10 16;
W2 0 4000 163000 4000 173000 -2000 173000;
5 10 19;
W2 0 54000 163000 54000 173000 49000 173000 48000 173000;
5 10 24;
W2 0 -125000 153000 -119000 153000;
5 10 25;
W2 0 -83000 153000 -77000 153000;
5 10 26;
W2 0 -46000 153000 -40000 153000;
5 10 27;
W2 0 -2000 153000 4000 153000;
5 10 28;
W2 0 48000 153000 54000 153000;
5 10 29;
W2 0 92000 153000 98000 153000;
5 10 30;
W2 0 -125000 143000 -93000 143000;
5 10 31;
W2 0 -83000 143000 -56000 143000;
5 10 32;
W2 0 -46000 143000 -12000 143000;
5 10 33;
W2 0 -2000 143000 38000 143000;
5 10 34;
W2 0 48000 143000 82000 143000;
5 10 35;
W2 0 -125000 133000 -119000 133000;
5 10 36;
W2 0 -83000 133000 -77000 133000;
5 10 37;
W2 0 -46000 133000 -40000 133000;
5 10 38;
W2 0 -2000 133000 4000 133000;
5 10 39;
W2 0 48000 133000 54000 133000;
5 10 40;
W2 0 92000 133000 98000 133000;
5 10 41;
W2 0 -125000 123000 -125000 113000 -119000 113000;
5 10 42;
W2 0 -83000 123000 -83000 113000 -77000 113000;
5 10 43;
W2 0 -46000 123000 -46000 113000 -40000 113000;
5 10 44;
W2 0 -2000 123000 -2000 113000 3000 113000 4000 113000;
5 10 45;
W2 0 48000 123000 48000 113000 54000 113000;
5 10 46;
W2 0 92000 123000 92000 113000 98000 113000;
5 10 41;
W2 0 -27000 -1000 -27000 9000 -125000 9000 -125000 113000;
5 10 42;
W2 0 -39000 39000 -45000 39000 -45000 48000 -83000 48000 -83000 113000;
5 10 43;
W2 0 -46000 113000 -46000 94000;
5 10 44;
W2 0 3000 94000 3000 113000;
5 10 45;
W2 0 13000 9000 25000 9000 25000 113000 48000 113000;
5 10 46;
W2 0 39000 -1000 39000 100000 92000 100000 92000 113000;
5 10 47;
W2 0 -33000 100000 -33000 94000;
5 10 48;
W2 0 -13000 100000 -13000 94000 -23000 94000;
5 10 1;
W2 0 -59000 94000 -145000 94000;
5 10 43;
W2 0 -49000 94000 -46000 94000 -43000 94000;
5 10 48;
W2 0 -13000 94000 -7000 94000;
5 10 49;
W2 0 7000 39000 13000 39000 13000 94000;
5 10 50;
W2 0 -29000 45000 -29000 39000;
5 10 51;
W2 0 -19000 39000 -9000 39000 -9000 45000;
5 10 2;
W2 0 -55000 39000 -145000 39000;
5 10 51;
W2 0 -9000 39000 -3000 39000;
5 10 52;
W2 0 7000 29000 7000 19000 13000 19000;
5 10 53;
W2 0 -17000 5000 -17000 -1000;
5 10 54;
W2 0 -7000 -1000 3000 -1000 3000 5000;
5 10 3;
W2 0 -53000 -1000 -145000 -1000;
5 10 55;
W2 0 -43000 -1000 -37000 -1000;
5 10 56;
W2 0 23000 -1000 29000 -1000;
5 10 57;
W2 0 49000 -1000 55000 -1000;
5 10 5;
W2 0 65000 -1000 118000 -1000;
L NAME;
5 16 L 0 11;
94 <<L0>> -136750 201750 320 1275 1000;
5 16 L 1 11;
94 <<L1>> -130750 201750 320 1050 1000;
5 16 L 2 11;
94 <<L2>> -110750 201750 320 1275 1000;
5 16 L 3 11;
94 <<L3>> -104750 201750 320 1275 1000;
5 16 L 4 11;
94 <<L4>> -94750 201750 320 1275 1000;
5 16 L 5 11;
94 <<L5>> -88750 201750 320 1275 1000;
5 16 L 6 11;
94 <<L6>> -68750 201750 320 1275 1000;
5 16 L 7 11;
94 <<L7>> -62750 201750 320 1275 1000;
5 16 L 8 11;
94 <<L8>> -52750 201750 320 1275 1000;
5 16 L 9 11;
94 <<L9>> -46750 201750 320 1275 1000;
5 16 L 10 11;
94 <<L10>> -26750 201750 320 1650 1000;
5 16 L 11 11;
94 <<L11>> -20750 201750 320 1425 1000;
5 16 L 12 11;
94 <<L12>> -10750 201750 320 1650 1000;
5 16 L 13 11;
94 <<L13>> -4750 201750 320 1650 1000;
5 16 L 14 11;
94 <<L14>> 15250 201750 320 1650 1000;
5 16 L 15 11;
94 <<L15>> 21250 201750 320 1650 1000;
5 16 L 16 11;
94 <<L16>> 31250 201750 320 1650 1000;
5 16 L 17 11;
94 <<L17>> 37250 201750 320 1650 1000;
5 16 L 18 11;
94 <<L18>> 57250 201750 320 1650 1000;
5 16 L 19 11;
94 <<L19>> 63250 201750 320 1650 1000;
5 16 L 20 11;
94 <<L20>> 73250 201750 320 1875 1000;
5 16 L 21 11;
94 <<L21>> 79250 201750 320 1650 1000;
5 16 L 22 11;
94 <<L22>> 99250 201750 320 1875 1000;
5 16 L 23 11;
94 <<L23>> 105250 201750 320 1875 1000;
5 16 R 0 11;
94 <<R0>> -136250 191750 320 1275 1000;
5 16 B 0 11;
94 <<B0>> -130750 191750 320 1275 1000;
5 16 R 1 11;
94 <<R1>> -110250 191750 320 1050 1000;
5 16 B 1 11;
94 <<B1>> -104750 191750 320 1050 1000;
5 16 R 2 11;
94 <<R2>> -94250 191750 320 1275 1000;
5 16 B 2 11;
94 <<B2>> -88750 191750 320 1275 1000;
5 16 R 3 11;
94 <<R3>> -68250 191750 320 1275 1000;
5 16 B 3 11;
94 <<B3>> -62750 191750 320 1275 1000;
5 16 R 4 11;
94 <<R4>> -52250 191750 320 1275 1000;
5 16 B 4 11;
94 <<B4>> -46750 191750 320 1275 1000;
5 16 R 5 11;
94 <<R5>> -26250 191750 320 1275 1000;
5 16 B 5 11;
94 <<B5>> -20750 191750 320 1275 1000;
5 16 R 6 11;
94 <<R6>> -10250 191750 320 1275 1000;
5 16 B 6 11;
94 <<B6>> -4750 191750 320 1275 1000;
5 16 R 7 11;
94 <<R7>> 15750 191750 320 1275 1000;
5 16 B 7 11;
94 <<B7>> 21250 191750 320 1275 1000;
5 16 R 8 11;
94 <<R8>> 31750 191750 320 1275 1000;
5 16 B 8 11;
94 <<B8>> 37250 191750 320 1275 1000;
5 16 R 9 11;
94 <<R9>> 57750 191750 320 1275 1000;
5 16 B 9 11;
94 <<B9>> 63250 191750 320 1275 1000;
5 16 R 10 11;
94 <<R10>> 73750 191750 320 1650 1000;
5 16 B 10 11;
94 <<B10>> 79250 191750 320 1650 1000;
5 16 R 11 11;
94 <<R11>> 99750 191750 320 1425 1000;
5 16 B 11 11;
94 <<B11>> 105250 191750 320 1425 1000;
5 16 L 24 11;
94 <<L24>> -144750 183250 0 1875 1000;
5 16 L 25 11;
94 <<L25>> -128750 183250 0 1875 1000;
5 16 L 26 11;
94 <<L26>> -118750 183250 0 1875 1000;
5 16 L 27 11;
94 <<L27>> -103750 183250 0 1875 1000;
5 16 L 28 11;
94 <<L28>> -86750 183250 0 1875 1000;
5 16 L 29 11;
94 <<L29>> -76750 183250 0 1875 1000;
5 16 L 30 11;
94 <<L30>> -60750 183250 0 1875 1000;
5 16 L 31 11;
94 <<L31>> -44750 183250 0 1650 1000;
5 16 L 32 11;
94 <<L32>> -34750 183250 0 1875 1000;
5 16 L 33 11;
94 <<L33>> -18750 183250 0 1875 1000;
5 16 L 34 11;
94 <<L34>> -2750 183250 0 1875 1000;
5 16 L 35 11;
94 <<L35>> 7250 183250 0 1875 1000;
5 16 L 36 11;
94 <<L36>> 23250 183250 0 1875 1000;
5 16 L 37 11;
94 <<L37>> 39250 183250 0 1875 1000;
5 16 L 38 11;
94 <<L38>> 49250 183250 0 1875 1000;
5 16 L 39 11;
94 <<L39>> 65250 183250 0 1875 1000;
5 16 L 40 11;
94 <<L40>> 81250 183250 0 1875 1000;
5 16 L 41 11;
94 <<L41>> 91250 183250 0 1650 1000;
5 16 L 42 11;
94 <<L42>> -126750 171750 320 1875 1000;
5 16 L 43 11;
94 <<L43>> -84750 171750 320 1875 1000;
5 16 L 44 11;
94 <<L44>> -47750 171750 320 1875 1000;
5 16 L 45 11;
94 <<L45>> -3750 171750 320 1875 1000;
5 16 L 46 11;
94 <<L46>> 46250 171750 320 1875 1000;
5 16 L 47 11;
94 <<L47>> 90250 171750 320 1875 1000;
5 16 R 12 11;
94 <<R12>> -126250 161750 320 1650 1000;
5 16 B 12 11;
94 <<B12>> -120750 161750 320 1650 1000;
5 16 R 13 11;
94 <<R13>> -84250 161750 320 1650 1000;
5 16 B 13 11;
94 <<B13>> -78750 161750 320 1650 1000;
5 16 R 14 11;
94 <<R14>> -47250 161750 320 1650 1000;
5 16 B 14 11;
94 <<B14>> -41750 161750 320 1650 1000;
5 16 R 15 11;
94 <<R15>> -3250 161750 320 1650 1000;
5 16 B 15 11;
94 <<B15>> 2250 161750 320 1650 1000;
5 16 R 16 11;
94 <<R16>> 46750 161750 320 1650 1000;
5 16 B 16 11;
94 <<B16>> 52250 161750 320 1650 1000;
5 16 R 17 11;
94 <<R17>> 90750 161750 320 1650 1000;
5 16 B 17 11;
94 <<B17>> 96250 161750 320 1650 1000;
5 16 L 48 11;
94 <<L48>> -126750 151750 320 1875 1000;
5 16 L 49 11;
94 <<L49>> -84750 151750 320 1875 1000;
5 16 L 50 11;
94 <<L50>> -47750 151750 320 1875 1000;
5 16 L 51 11;
94 <<L51>> -3750 151750 320 1650 1000;
5 16 L 52 11;
94 <<L52>> 46250 151750 320 1875 1000;
5 16 L 53 11;
94 <<L53>> 90250 151750 320 1875 1000;
5 16 L 54 11;
94 <<L54>> -134750 144750 0 1875 1000;
5 16 L 55 11;
94 <<L55>> -92750 144750 0 1875 1000;
5 16 L 56 11;
94 <<L56>> -55750 144750 0 1875 1000;
5 16 L 57 11;
94 <<L57>> -11750 144750 0 1875 1000;
5 16 L 58 11;
94 <<L58>> 38250 144750 0 1875 1000;
5 16 L 59 11;
94 <<L59>> 82250 144750 0 1875 1000;
5 16 I 0 11;
94 <<I0>> -137250 141750 320 975 1000;
5 16 L 60 11;
94 <<L60>> -125250 141750 320 1875 1000;
5 16 L 61 11;
94 <<L61>> -83250 141750 320 1650 1000;
5 16 L 62 11;
94 <<L62>> -46250 141750 320 1875 1000;
5 16 L 63 11;
94 <<L63>> -2250 141750 320 1875 1000;
5 16 L 64 11;
94 <<L64>> 47750 141750 320 1875 1000;
5 16 L 65 11;
94 <<L65>> 91750 141750 320 1875 1000;
5 16 B 18 11;
94 <<B18>> -126750 131750 320 1650 1000;
5 16 R 18 11;
94 <<R18>> -120500 131750 320 1650 1000;
5 16 B 19 11;
94 <<B19>> -84750 131750 320 1650 1000;
5 16 R 19 11;
94 <<R19>> -78500 131750 320 1650 1000;
5 16 B 20 11;
94 <<B20>> -47750 131750 320 1875 1000;
5 16 R 20 11;
94 <<R20>> -41500 131750 320 1875 1000;
5 16 B 21 11;
94 <<B21>> -3750 131750 320 1650 1000;
5 16 R 21 11;
94 <<R21>> 2500 131750 320 1650 1000;
5 16 B 22 11;
94 <<B22>> 46250 131750 320 1875 1000;
5 16 R 22 11;
94 <<R22>> 52500 131750 320 1875 1000;
5 16 B 23 11;
94 <<B23>> 90250 131750 320 1875 1000;
5 16 R 23 11;
94 <<R23>> 96500 131750 320 1875 1000;
5 16 L 66 11;
94 <<L66>> -119250 121750 320 1875 1000;
5 16 L 67 11;
94 <<L67>> -77250 121750 320 1875 1000;
5 16 L 68 11;
94 <<L68>> -40250 121750 320 1875 1000;
5 16 L 69 11;
94 <<L69>> 3750 121750 320 1875 1000;
5 16 L 70 11;
94 <<L70>> 53750 121750 320 1875 1000;
5 16 L 71 11;
94 <<L71>> 97750 121750 320 1650 1000;
5 16 L 72 11;
94 <<L72>> -22750 101750 0 1875 1000;
5 16 R 24 11;
94 <<R24>> -32750 101250 0 1875 1000;
5 16 L 73 11;
94 <<L73>> -58750 95750 0 1875 1000;
5 16 L 74 11;
94 <<L74>> -42750 95750 0 1875 1000;
5 16 B 24 11;
94 <<B24>> -32750 95750 0 1875 1000;
5 16 L 75 11;
94 <<L75>> -6750 95750 0 1875 1000;
5 16 L 76 11;
94 <<L76>> 3250 95750 0 1875 1000;
5 16 B 25 11;
94 <<B25>> -50750 92750 320 1875 1000;
5 16 R 25 11;
94 <<R25>> -44500 92750 320 1875 1000;
5 16 B 26 11;
94 <<B26>> -14750 92750 320 1875 1000;
5 16 R 26 11;
94 <<R26>> -8500 92750 320 1875 1000;
5 16 L 77 11;
94 <<L77>> -49250 82750 320 1875 1000;
5 16 L 78 11;
94 <<L78>> -43250 82750 320 1875 1000;
5 16 L 79 11;
94 <<L79>> -13250 82750 320 1875 1000;
5 16 L 80 11;
94 <<L80>> -7250 82750 320 1875 1000;
5 16 L 81 11;
94 <<L81>> -18750 46750 0 1650 1000;
5 16 R 27 11;
94 <<R27>> -28750 46250 0 1875 1000;
5 16 L 82 11;
94 <<L82>> -54750 40750 0 1875 1000;
5 16 L 83 11;
94 <<L83>> -38750 40750 0 1875 1000;
5 16 B 27 11;
94 <<B27>> -28750 40750 0 1875 1000;
5 16 L 84 11;
94 <<L84>> -2750 40750 0 1875 1000;
5 16 B 28 11;
94 <<B28>> -46750 37750 320 1875 1000;
5 16 R 28 11;
94 <<R28>> -40500 37750 320 1875 1000;
5 16 B 29 11;
94 <<B29>> -10750 37750 320 1875 1000;
5 16 R 29 11;
94 <<R29>> -4500 37750 320 1875 1000;
5 16 B 30 11;
94 <<B30>> 5250 37750 320 1875 1000;
5 16 R 30 11;
94 <<R30>> 11500 37750 320 1875 1000;
5 16 L 85 11;
94 <<L85>> -45250 27750 320 1875 1000;
5 16 L 86 11;
94 <<L86>> -39250 27750 320 1875 1000;
5 16 L 87 11;
94 <<L87>> -9250 27750 320 1875 1000;
5 16 L 88 11;
94 <<L88>> -3250 27750 320 1875 1000;
5 16 L 89 11;
94 <<L89>> 12750 27750 320 1875 1000;
5 16 L 90 11;
94 <<L90>> 12750 17750 320 1875 1000;
5 16 L 92 11;
94 <<L92>> -6750 6750 0 1875 1000;
5 16 L 91 11;
94 <<L91>> 12750 7750 320 1650 1000;
5 16 R 31 11;
94 <<R31>> -16750 6250 0 1650 1000;
5 16 L 93 11;
94 <<L93>> -52750 750 0 1875 1000;
5 16 L 94 11;
94 <<L94>> -36750 750 0 1875 1000;
5 16 L 95 11;
94 <<L95>> -26750 750 0 1875 1000;
5 16 B 31 11;
94 <<B31>> -16750 750 0 1650 1000;
5 16 L 96 11;
94 <<L96>> 3250 750 0 1875 1000;
5 16 L 97 11;
94 <<L97>> 13250 750 0 1875 1000;
5 16 L 98 11;
94 <<L98>> 29250 750 0 1875 1000;
5 16 L 99 11;
94 <<L99>> 39250 750 0 1875 1000;
5 16 L 100 11;
94 <<L100>> 55250 750 0 2250 1000;
5 16 B 32 11;
94 <<B32>> -44750 -2250 320 1875 1000;
5 16 R 32 11;
94 <<R32>> -38500 -2250 320 1875 1000;
5 16 B 33 11;
94 <<B33>> 21250 -2250 320 1875 1000;
5 16 R 33 11;
94 <<R33>> 27500 -2250 320 1875 1000;
5 16 B 34 11;
94 <<B34>> 47250 -2250 320 1875 1000;
5 16 R 34 11;
94 <<R34>> 53500 -2250 320 1875 1000;
5 16 L 101 11;
94 <<L101>> -43250 -12250 320 2025 1000;
5 16 L 102 11;
94 <<L102>> -37250 -12250 320 2250 1000;
5 16 L 103 11;
94 <<L103>> 22750 -12250 320 2250 1000;
5 16 L 104 11;
94 <<L104>> 28750 -12250 320 2250 1000;
5 16 L 105 11;
94 <<L105>> 48750 -12250 320 2250 1000;
5 16 L 106 11;
94 <<L106>> 54750 -12250 320 2250 1000;
L MODL;
5 16 B 0 1;
94 <<jjmit>> -127250 192750 256 2550 1000;
5 16 B 1 1;
94 <<jjmit>> -101250 192750 256 2550 1000;
5 16 B 2 1;
94 <<jjmit>> -85250 192750 256 2550 1000;
5 16 B 3 1;
94 <<jjmit>> -59250 192750 256 2550 1000;
5 16 B 4 1;
94 <<jjmit>> -43250 192750 256 2550 1000;
5 16 B 5 1;
94 <<jjmit>> -17250 192750 256 2550 1000;
5 16 B 6 1;
94 <<jjmit>> -1250 192750 256 2550 1000;
5 16 B 7 1;
94 <<jjmit>> 24750 192750 256 2550 1000;
5 16 B 8 1;
94 <<jjmit>> 40750 192750 256 2550 1000;
5 16 B 9 1;
94 <<jjmit>> 66750 192750 256 2550 1000;
5 16 B 10 1;
94 <<jjmit>> 82750 192750 256 2550 1000;
5 16 B 11 1;
94 <<jjmit>> 108750 192750 256 2550 1000;
5 16 B 12 1;
94 <<jjmit>> -117250 162750 256 2550 1000;
5 16 B 13 1;
94 <<jjmit>> -75250 162750 256 2550 1000;
5 16 B 14 1;
94 <<jjmit>> -38250 162750 256 2550 1000;
5 16 B 15 1;
94 <<jjmit>> 5750 162750 256 2550 1000;
5 16 B 16 1;
94 <<jjmit>> 55750 162750 256 2550 1000;
5 16 B 17 1;
94 <<jjmit>> 99750 162750 256 2550 1000;
5 16 B 18 1;
94 <<jjmit>> -123250 132750 256 2550 1000;
5 16 B 19 1;
94 <<jjmit>> -81250 132750 256 2550 1000;
5 16 B 20 1;
94 <<jjmit>> -44250 132750 256 2550 1000;
5 16 B 21 1;
94 <<jjmit>> -250 132750 256 2550 1000;
5 16 B 22 1;
94 <<jjmit>> 49750 132750 256 2550 1000;
5 16 B 23 1;
94 <<jjmit>> 93750 132750 256 2550 1000;
5 16 B 25 1;
94 <<jjmit>> -47250 93750 256 2550 1000;
5 16 B 26 1;
94 <<jjmit>> -11250 93750 256 2550 1000;
5 16 B 24 1;
94 <<jjmit>> -23250 92250 320 2550 1000;
5 16 B 28 1;
94 <<jjmit>> -43250 38750 256 2550 1000;
5 16 B 29 1;
94 <<jjmit>> -7250 38750 256 2550 1000;
5 16 B 30 1;
94 <<jjmit>> 8750 38750 256 2550 1000;
5 16 B 27 1;
94 <<jjmit>> -19250 37250 320 2550 1000;
5 16 B 32 1;
94 <<jjmit>> -41250 -1250 256 2550 1000;
5 16 B 33 1;
94 <<jjmit>> 24750 -1250 256 2550 1000;
5 16 B 34 1;
94 <<jjmit>> 50750 -1250 256 2550 1000;
5 16 B 31 1;
94 <<jjmit>> -7250 -2750 320 2550 1000;
L VALU;
5 16 L 0 2;
94 <<1p>> -134750 202750 33024 1050 1000;
5 16 L 1 2;
94 <<0.2p>> -128750 202750 33024 2100 1000;
5 16 L 2 2;
94 <<1p>> -108750 202750 33024 1050 1000;
5 16 L 3 2;
94 <<0.2p>> -102750 202750 33024 2100 1000;
5 16 L 4 2;
94 <<1p>> -92750 202750 33024 1050 1000;
5 16 L 5 2;
94 <<0.2p>> -86750 202750 33024 2100 1000;
5 16 L 6 2;
94 <<1p>> -66750 202750 33024 1050 1000;
5 16 L 7 2;
94 <<0.2p>> -60750 202750 33024 2100 1000;
5 16 L 8 2;
94 <<1p>> -50750 202750 33024 1050 1000;
5 16 L 9 2;
94 <<0.2p>> -44750 202750 33024 2100 1000;
5 16 L 10 2;
94 <<1p>> -24750 202750 33024 1050 1000;
5 16 L 11 2;
94 <<0.2p>> -18750 202750 33024 2100 1000;
5 16 L 12 2;
94 <<1p>> -8750 202750 33024 1050 1000;
5 16 L 13 2;
94 <<0.2p>> -2750 202750 33024 2100 1000;
5 16 L 14 2;
94 <<1p>> 17250 202750 33024 1050 1000;
5 16 L 15 2;
94 <<0.2p>> 23250 202750 33024 2100 1000;
5 16 L 16 2;
94 <<1p>> 33250 202750 33024 1050 1000;
5 16 L 17 2;
94 <<0.2p>> 39250 202750 33024 2100 1000;
5 16 L 18 2;
94 <<1p>> 59250 202750 33024 1050 1000;
5 16 L 19 2;
94 <<0.2p>> 65250 202750 33024 2100 1000;
5 16 L 20 2;
94 <<1p>> 75250 202750 33024 1050 1000;
5 16 L 21 2;
94 <<0.2p>> 81250 202750 33024 2100 1000;
5 16 L 22 2;
94 <<1p>> 101250 202750 33024 1050 1000;
5 16 L 23 2;
94 <<0.2p>> 107250 202750 33024 2100 1000;
5 16 R 0 2;
94 <<3.88>> -133500 192750 33024 2100 1000;
5 16 R 1 2;
94 <<3.88>> -107500 192750 33024 2100 1000;
5 16 R 2 2;
94 <<3.88>> -91500 192750 33024 2100 1000;
5 16 R 3 2;
94 <<3.88>> -65500 192750 33024 2100 1000;
5 16 R 4 2;
94 <<3.88>> -49500 192750 33024 2100 1000;
5 16 R 5 2;
94 <<3.88>> -23500 192750 33024 2100 1000;
5 16 R 6 2;
94 <<3.88>> -7500 192750 33024 2100 1000;
5 16 R 7 2;
94 <<3.88>> 18500 192750 33024 2100 1000;
5 16 R 8 2;
94 <<3.88>> 34500 192750 33024 2100 1000;
5 16 R 9 2;
94 <<3.88>> 60500 192750 33024 2100 1000;
5 16 R 10 2;
94 <<3.88>> 76500 192750 33024 2100 1000;
5 16 R 11 2;
94 <<3.88>> 102500 192750 33024 2100 1000;
5 16 L 24 2;
94 <<2p>> -135250 181250 33088 1275 1000;
5 16 L 25 2;
94 <<2p>> -119250 181250 33088 1275 1000;
5 16 L 26 2;
94 <<2p>> -109250 181250 33088 1275 1000;
5 16 L 27 2;
94 <<2p>> -93250 181250 33088 1275 1000;
5 16 L 28 2;
94 <<2p>> -77250 181250 33088 1275 1000;
5 16 L 29 2;
94 <<2p>> -67250 181250 33088 1275 1000;
5 16 L 30 2;
94 <<2p>> -51250 181250 33088 1275 1000;
5 16 L 31 2;
94 <<2p>> -35250 181250 33088 1275 1000;
5 16 L 32 2;
94 <<2p>> -25250 181250 33088 1275 1000;
5 16 L 33 2;
94 <<2p>> -9250 181250 33088 1275 1000;
5 16 L 34 2;
94 <<2p>> 6750 181250 33088 1275 1000;
5 16 L 35 2;
94 <<2p>> 16750 181250 33088 1275 1000;
5 16 L 36 2;
94 <<2p>> 32750 181250 33088 1275 1000;
5 16 L 37 2;
94 <<2p>> 48750 181250 33088 1275 1000;
5 16 L 38 2;
94 <<2p>> 58750 181250 33088 1275 1000;
5 16 L 39 2;
94 <<2p>> 74750 181250 33088 1275 1000;
5 16 L 40 2;
94 <<2p>> 90750 181250 33088 1275 1000;
5 16 L 41 2;
94 <<2p>> 100750 181250 33088 1275 1000;
5 16 L 42 2;
94 <<1p>> -124000 175000 33024 1050 1000;
5 16 L 43 2;
94 <<1p>> -82750 172750 33024 1050 1000;
5 16 L 44 2;
94 <<1p>> -45750 172750 33024 1050 1000;
5 16 L 45 2;
94 <<1p>> -1750 172750 33024 1050 1000;
5 16 L 46 2;
94 <<1p>> 48250 172750 33024 1050 1000;
5 16 L 47 2;
94 <<1p>> 92250 172750 33024 1050 1000;
5 16 R 12 2;
94 <<1.96>> -123500 162750 33024 1875 1000;
5 16 R 13 2;
94 <<1.96>> -81500 162750 33024 1875 1000;
5 16 R 14 2;
94 <<1.96>> -44500 162750 33024 1875 1000;
5 16 R 15 2;
94 <<1.96>> -500 162750 33024 1875 1000;
5 16 R 16 2;
94 <<1.96>> 49500 162750 33024 1875 1000;
5 16 R 17 2;
94 <<1.96>> 93500 162750 33024 1875 1000;
5 16 L 48 2;
94 <<400p>> -124750 152750 33024 2475 1000;
5 16 L 49 2;
94 <<400p>> -82750 152750 33024 2475 1000;
5 16 L 50 2;
94 <<400p>> -45750 152750 33024 2475 1000;
5 16 L 51 2;
94 <<400p>> -1750 152750 33024 2475 1000;
5 16 L 52 2;
94 <<400p>> 48250 152750 33024 2475 1000;
5 16 L 53 2;
94 <<400p>> 92250 152750 33024 2475 1000;
5 16 I 0 2;
94 <<pwl(0 0 5p 2738u)>> -132750 142750 33024 9375 1000;
5 16 L 54 2;
94 <<10p>> -125250 142750 33088 1650 1000;
5 16 L 60 2;
94 <<400p>> -123250 142750 33024 2475 1000;
5 16 L 55 2;
94 <<10p>> -83250 142750 33088 1650 1000;
5 16 L 61 2;
94 <<400p>> -81250 142750 33024 2475 1000;
5 16 L 56 2;
94 <<10p>> -46250 142750 33088 1650 1000;
5 16 L 62 2;
94 <<400p>> -44250 142750 33024 2475 1000;
5 16 L 57 2;
94 <<10p>> -2250 142750 33088 1650 1000;
5 16 L 63 2;
94 <<400p>> -250 142750 33024 2475 1000;
5 16 L 58 2;
94 <<10p>> 47750 142750 33088 1650 1000;
5 16 L 64 2;
94 <<400p>> 49750 142750 33024 2475 1000;
5 16 L 59 2;
94 <<10p>> 91750 142750 33088 1650 1000;
5 16 L 65 2;
94 <<400p>> 93750 142750 33024 2475 1000;
5 16 R 18 2;
94 <<2.63>> -117750 132750 33024 2100 1000;
5 16 R 19 2;
94 <<3.81>> -75750 132750 33024 1875 1000;
5 16 R 20 2;
94 <<3.12>> -38750 132750 33024 1875 1000;
5 16 R 21 2;
94 <<6.35>> 5250 132750 33024 2100 1000;
5 16 R 22 2;
94 <<6.86>> 55250 132750 33024 2100 1000;
5 16 R 23 2;
94 <<9.8>> 99250 132750 33024 1500 1000;
5 16 L 66 2;
94 <<1p>> -117250 122750 33024 1050 1000;
5 16 L 67 2;
94 <<1p>> -75250 122750 33024 1050 1000;
5 16 L 68 2;
94 <<1p>> -38250 122750 33024 1050 1000;
5 16 L 69 2;
94 <<1p>> 5750 122750 33024 1050 1000;
5 16 L 70 2;
94 <<1p>> 55750 122750 33024 1050 1000;
5 16 L 71 2;
94 <<1p>> 99750 122750 33024 1050 1000;
5 16 L 72 2;
94 <<1p>> -13250 99750 33088 1050 1000;
5 16 R 24 2;
94 <<4.85>> -23250 98500 33088 2100 1000;
5 16 L 73 2;
94 <<2.158p>> -49250 93750 33088 3075 1000;
5 16 R 25 2;
94 <<4.45>> -41750 93750 33024 2100 1000;
5 16 L 74 2;
94 <<3.952p>> -33250 93750 33088 3300 1000;
5 16 R 26 2;
94 <<7.35>> -5750 93750 33024 2100 1000;
5 16 L 75 2;
94 <<0.047p>> 2750 93750 33088 3300 1000;
5 16 L 76 2;
94 <<3.546p>> 12750 93750 33088 3300 1000;
5 16 L 77 2;
94 <<0.2p>> -47250 83750 33024 2100 1000;
5 16 L 78 2;
94 <<1p>> -41250 83750 33024 1050 1000;
5 16 L 79 2;
94 <<0.2p>> -11250 83750 33024 2100 1000;
5 16 L 80 2;
94 <<1p>> -5250 83750 33024 1050 1000;
5 16 L 81 2;
94 <<1p>> -9250 44750 33088 1050 1000;
5 16 R 27 2;
94 <<4.31>> -19250 43500 33088 1875 1000;
5 16 L 82 2;
94 <<2.623p>> -45250 38750 33088 3300 1000;
5 16 R 28 2;
94 <<4.47>> -37750 38750 33024 2100 1000;
5 16 L 83 2;
94 <<2.964p>> -29250 38750 33088 3300 1000;
5 16 R 29 2;
94 <<3.46>> -1750 38750 33024 2100 1000;
5 16 L 84 2;
94 <<2.938p>> 6750 38750 33088 3300 1000;
5 16 R 30 2;
94 <<9.69>> 14250 38750 33024 2100 1000;
5 16 L 85 2;
94 <<0.2p>> -43250 28750 33024 2100 1000;
5 16 L 86 2;
94 <<1p>> -37250 28750 33024 1050 1000;
5 16 L 87 2;
94 <<0.2p>> -7250 28750 33024 2100 1000;
5 16 L 88 2;
94 <<1p>> -1250 28750 33024 1050 1000;
5 16 L 89 2;
94 <<1p>> 14750 28750 33024 1050 1000;
5 16 L 90 2;
94 <<0.468p>> 14750 18750 33024 3300 1000;
5 16 L 91 2;
94 <<0.445p>> 14750 8750 33024 3300 1000;
5 16 L 92 2;
94 <<1p>> 2750 4750 33088 1050 1000;
5 16 R 31 2;
94 <<5.54>> -7250 3500 33088 2100 1000;
5 16 L 93 2;
94 <<2.158p>> -43250 -1250 33088 3075 1000;
5 16 R 32 2;
94 <<3.88>> -35750 -1250 33024 2100 1000;
5 16 L 94 2;
94 <<1.5p>> -27250 -1250 33088 1875 1000;
5 16 L 95 2;
94 <<2p>> -17250 -1250 33088 1275 1000;
5 16 L 96 2;
94 <<2.954p>> 12750 -1250 33088 3300 1000;
5 16 L 97 2;
94 <<0.939p>> 22750 -1250 33088 3300 1000;
5 16 R 33 2;
94 <<5.54>> 30250 -1250 33024 2100 1000;
5 16 L 98 2;
94 <<3.051p>> 38750 -1250 33088 3075 1000;
5 16 L 99 2;
94 <<1.5p>> 48750 -1250 33088 1875 1000;
5 16 R 34 2;
94 <<5.54>> 56250 -1250 33024 2100 1000;
5 16 L 100 2;
94 <<2.031p>> 64750 -1250 33088 3075 1000;
5 16 L 101 2;
94 <<0.2p>> -41250 -11250 33024 2100 1000;
5 16 L 102 2;
94 <<1p>> -35250 -11250 33024 1050 1000;
5 16 L 103 2;
94 <<0.2p>> 24750 -11250 33024 2100 1000;
5 16 L 104 2;
94 <<1p>> 30750 -11250 33024 1050 1000;
5 16 L 105 2;
94 <<0.2p>> 50750 -11250 33024 2100 1000;
5 16 L 106 2;
94 <<1p>> 56750 -11250 33024 1050 1000;
L PARM;
5 16 B 0 3;
94 <<area=2.5>> -127250 183250 32768 4425 1000;
5 16 B 1 3;
94 <<area=2.5>> -101250 183250 32768 4425 1000;
5 16 B 2 3;
94 <<area=2.5>> -85250 183250 32768 4425 1000;
5 16 B 3 3;
94 <<area=2.5>> -59250 183250 32768 4425 1000;
5 16 B 4 3;
94 <<area=2.5>> -43250 183250 32768 4425 1000;
5 16 B 5 3;
94 <<area=2.5>> -17250 183250 32768 4425 1000;
5 16 B 6 3;
94 <<area=2.5>> -1250 183250 32768 4425 1000;
5 16 B 7 3;
94 <<area=2.5>> 24750 183250 32768 4425 1000;
5 16 B 8 3;
94 <<area=2.5>> 40750 183250 32768 4425 1000;
5 16 B 9 3;
94 <<area=2.5>> 66750 183250 32768 4425 1000;
5 16 B 10 3;
94 <<area=2.5>> 82750 183250 32768 4425 1000;
5 16 B 11 3;
94 <<area=2.5>> 108750 183250 32768 4425 1000;
5 16 B 12 3;
94 <<area=3.5>> -117250 153250 32768 4425 1000;
5 16 B 13 3;
94 <<area=3.5>> -75250 153250 32768 4425 1000;
5 16 B 14 3;
94 <<area=3.5>> -38250 153250 32768 4425 1000;
5 16 B 15 3;
94 <<area=3.5>> 5750 153250 32768 4425 1000;
5 16 B 16 3;
94 <<area=3.5>> 55750 153250 32768 4425 1000;
5 16 B 17 3;
94 <<area=3.5>> 99750 153250 32768 4425 1000;
5 16 B 18 3;
94 <<area=2.6>> -123250 123250 32768 4425 1000;
5 16 B 19 3;
94 <<area=1.8>> -81250 123250 32768 4200 1000;
5 16 B 20 3;
94 <<area=2.2>> -44250 123250 32768 4425 1000;
5 16 B 21 3;
94 <<area=1.08>> -250 123250 32768 4800 1000;
5 16 B 22 3;
94 <<area=1>> 49750 123250 32768 3375 1000;
5 16 B 23 3;
94 <<area=0.7>> 93750 123250 32768 4425 1000;
5 16 B 24 3;
94 <<area=2.03>> -32750 91250 33024 5025 1000;
5 16 B 25 3;
94 <<area=2.18>> -47250 84250 32768 4800 1000;
5 16 B 26 3;
94 <<area=1.32>> -11250 84250 32768 4800 1000;
5 16 B 27 3;
94 <<area=2.25>> -28750 36250 33024 5025 1000;
5 16 B 28 3;
94 <<area=2.17>> -43250 29250 32768 4800 1000;
5 16 B 29 3;
94 <<area=2.8>> -7250 29250 32768 4425 1000;
5 16 B 30 3;
94 <<area=1>> 8750 29250 32768 3375 1000;
5 16 B 31 3;
94 <<area=1.75>> -16750 -3750 33024 4800 1000;
5 16 B 32 3;
94 <<area=2.5>> -41250 -10750 32768 4425 1000;
5 16 B 33 3;
94 <<area=1.76>> 24750 -10750 32768 4800 1000;
5 16 B 34 3;
94 <<area=1.75>> 50750 -10750 32768 4800 1000;
DF;
E
