(Symbol ERSFQ_DFF);
($Id:$);
(xic.exe 4.3.5 Win32 i386 05/11/2018 08:33 GMT);
(PHYSICAL);
(RESOLUTION 1000);
( CREATED 5/11/2018 8:33:12, MODIFIED 5/11/2018 8:33:12 );
9 ERSFQ_DFF;
DS 0 1 1;
DF;
E
(ELECTRICAL);
(RESOLUTION 1000);
5 10 1 0 -123000 -51000 0x0 IIN;
5 10 2 1 -122000 -15000 0x0 ICLK;
5 10 3 2 -92000 24000 0x0 BIAS1;
5 10 4 3 84000 -51000 0x0 OUT;
5 10 5 4 -46000 24000 0x0 BIAS2;
5 10 6 5 8000 24000 0x0 BIAS3;
5 10 7 6 36000 24000 0x0 BIAS4;
5 11 X 0 subckt;
9 ERSFQ_DFF;
DS 0 1 1;
(SymbolCall gnd);
5 10 0 0 8000 -35000;
1 Bound 7000 -37600 9000 -35000;
9 gnd;
C 0 T 7000 -36000;
(SymbolCall gnd);
5 10 0 0 14000 -35000;
1 Bound 13000 -37600 15000 -35000;
9 gnd;
C 0 T 13000 -36000;
(SymbolCall gnd);
5 10 0 0 -102000 -71000;
1 Bound -103000 -73600 -101000 -71000;
9 gnd;
C 0 T -103000 -72000;
(SymbolCall gnd);
5 10 0 0 -96000 -71000;
1 Bound -97000 -73600 -95000 -71000;
9 gnd;
C 0 T -97000 -72000;
(SymbolCall gnd);
5 10 0 0 -56000 -71000;
1 Bound -57000 -73600 -55000 -71000;
9 gnd;
C 0 T -57000 -72000;
(SymbolCall gnd);
5 10 0 0 -50000 -71000;
1 Bound -51000 -73600 -49000 -71000;
9 gnd;
C 0 T -51000 -72000;
(SymbolCall gnd);
5 10 0 0 20000 -71000;
1 Bound 19000 -73600 21000 -71000;
9 gnd;
C 0 T 19000 -72000;
(SymbolCall gnd);
5 10 0 0 26000 -71000;
1 Bound 25000 -73600 27000 -71000;
9 gnd;
C 0 T 25000 -72000;
(SymbolCall gnd);
5 10 0 0 46000 -71000;
1 Bound 45000 -73600 47000 -71000;
9 gnd;
C 0 T 45000 -72000;
(SymbolCall gnd);
5 10 0 0 52000 -71000;
1 Bound 51000 -73600 53000 -71000;
9 gnd;
C 0 T 51000 -72000;
(SymbolCall ind);
5 10 8 1 8000 14000 L0-;
5 10 6 0 8000 24000 L0+;
5 15 9000 23000 0 -1;
5 2 400p;
5 11 L 0;
1 Bound 8000 14000 9500 24000;
9 ind;
C 0 T 7000 14000;
(SymbolCall ind);
5 10 9 1 14000 -6000 L1-;
5 10 22 0 14000 4000 L1+;
5 15 15000 3000 0 -1;
5 11 L 1;
5 2 0.2p;
1 Bound 14000 -6000 15500 4000;
9 ind;
C 0 T 13000 -6000;
(SymbolCall ind);
5 10 10 1 -46000 -21000 L2-;
5 10 5 0 -46000 -11000 L2+;
5 15 -45000 -12000 0 -1;
5 2 400p;
5 11 L 2;
1 Bound -46000 -21000 -44500 -11000;
9 ind;
C 0 T -47000 -21000;
(SymbolCall ind);
5 10 11 1 -92000 -22000 L3-;
5 10 3 0 -92000 -12000 L3+;
5 15 -91000 -13000 0 -1;
5 2 400p;
5 11 L 3;
1 Bound -92000 -22000 -90500 -12000;
9 ind;
C 0 T -93000 -22000;
(SymbolCall ind);
5 10 9 1 8000 -15000 L4-;
5 10 2 0 -2000 -15000 L4+;
5 15 -1000 -14000 1 0;
5 2 2p;
5 11 L 4;
1 Bound -2000 -15000 8000 -13500;
( Rotate 90 );
9 ind;
C 0 R 0 1 T 8000 -16000;
(SymbolCall ind);
5 10 12 1 36000 -24000 L5-;
5 10 7 0 36000 -14000 L5+;
5 15 37000 -15000 0 -1;
5 2 400p;
5 11 L 5;
1 Bound 36000 -24000 37500 -14000;
9 ind;
C 0 T 35000 -24000;
(SymbolCall ind);
5 10 14 1 20000 -31000 L6-;
5 10 9 0 20000 -21000 L6+;
5 15 21000 -22000 0 -1;
5 2 2.8p;
5 11 L 6;
1 Bound 20000 -31000 21500 -21000;
9 ind;
C 0 T 19000 -31000;
(SymbolCall ind);
5 10 0 1 8000 -35000 L7-;
5 10 23 0 8000 -25000 L7+;
5 15 9000 -26000 0 -1;
5 2 0.2p;
5 11 L 7;
1 Bound 8000 -35000 9500 -25000;
9 ind;
C 0 T 7000 -35000;
(SymbolCall ind);
5 10 0 1 14000 -35000 L8-;
5 10 24 0 14000 -25000 L8+;
5 15 15000 -26000 0 -1;
5 2 1p;
5 11 L 8;
1 Bound 14000 -35000 15500 -25000;
9 ind;
C 0 T 13000 -35000;
(SymbolCall ind);
5 10 13 1 -40000 -41000 L9-;
5 10 25 0 -40000 -31000 L9+;
5 15 -39000 -32000 0 -1;
5 11 L 9;
5 2 0.2p;
1 Bound -40000 -41000 -38500 -31000;
9 ind;
C 0 T -41000 -41000;
(SymbolCall ind);
5 10 15 1 -86000 -42000 L10-;
5 10 26 0 -86000 -32000 L10+;
5 15 -85000 -33000 0 -1;
5 2 0.2p;
5 11 L 10;
1 Bound -86000 -42000 -84500 -32000;
9 ind;
C 0 T -87000 -42000;
(SymbolCall ind);
5 10 16 1 42000 -44000 L11-;
5 10 27 0 42000 -34000 L11+;
5 15 43000 -35000 0 -1;
5 11 L 11;
5 2 0.2p;
1 Bound 42000 -44000 43500 -34000;
9 ind;
C 0 T 41000 -44000;
(SymbolCall ind);
5 10 20 1 26000 -51000 L12-;
5 10 28 0 26000 -41000 L12+;
5 15 27000 -42000 0 -1;
5 11 L 12;
5 2 1p;
1 Bound 26000 -51000 27500 -41000;
9 ind;
C 0 T 25000 -51000;
(SymbolCall ind);
5 10 18 1 -56000 -45000 L13-;
5 10 29 0 -66000 -45000 L13+;
5 15 -65000 -44000 1 0;
5 2 0.2p;
5 11 L 13;
1 Bound -66000 -45000 -56000 -43500;
( Rotate 90 );
9 ind;
C 0 R 0 1 T -56000 -46000;
(SymbolCall ind);
5 10 19 1 -102000 -51000 L14-;
5 10 1 0 -112000 -51000 L14+;
5 15 -111000 -50000 1 0;
5 2 2p;
5 11 L 14;
1 Bound -112000 -51000 -102000 -49500;
( Rotate 90 );
9 ind;
C 0 R 0 1 T -102000 -52000;
(SymbolCall ind);
5 10 15 1 -86000 -51000 L15-;
5 10 19 0 -96000 -51000 L15+;
5 15 -95000 -50000 1 0;
5 2 1p;
5 11 L 15;
1 Bound -96000 -51000 -86000 -49500;
( Rotate 90 );
9 ind;
C 0 R 0 1 T -86000 -52000;
(SymbolCall ind);
5 10 17 1 -76000 -51000 L16-;
5 10 15 0 -86000 -51000 L16+;
5 15 -85000 -50000 1 0;
5 2 1.9p;
5 11 L 16;
1 Bound -86000 -51000 -76000 -49500;
( Rotate 90 );
9 ind;
C 0 R 0 1 T -76000 -52000;
(SymbolCall ind);
5 10 13 1 -40000 -51000 L17-;
5 10 18 0 -50000 -51000 L17+;
5 15 -49000 -50000 1 0;
5 11 L 17;
5 2 1.5p;
1 Bound -50000 -51000 -40000 -49500;
( Rotate 90 );
9 ind;
C 0 R 0 1 T -40000 -52000;
(SymbolCall ind);
5 10 20 1 20000 -51000 L18-;
5 10 13 0 10000 -51000 L18+;
5 15 11000 -50000 1 0;
5 2 6p;
5 11 L 18;
1 Bound 10000 -51000 20000 -49500;
( Rotate 90 );
9 ind;
C 0 R 0 1 T 20000 -52000;
(SymbolCall ind);
5 10 16 1 36000 -51000 L19-;
5 10 20 0 26000 -51000 L19+;
5 15 27000 -50000 1 0;
5 2 3p;
5 11 L 19;
1 Bound 26000 -51000 36000 -49500;
( Rotate 90 );
9 ind;
C 0 R 0 1 T 36000 -52000;
(SymbolCall ind);
5 10 21 1 46000 -51000 L20-;
5 10 16 0 36000 -51000 L20+;
5 15 37000 -50000 1 0;
5 2 1p;
5 11 L 20;
1 Bound 36000 -51000 46000 -49500;
( Rotate 90 );
9 ind;
C 0 R 0 1 T 46000 -52000;
(SymbolCall ind);
5 10 4 1 62000 -51000 L21-;
5 10 21 0 52000 -51000 L21+;
5 15 53000 -50000 1 0;
5 2 2p;
5 11 L 21;
1 Bound 52000 -51000 62000 -49500;
( Rotate 90 );
9 ind;
C 0 R 0 1 T 62000 -52000;
(SymbolCall ind);
5 10 0 1 -102000 -71000 L22-;
5 10 30 0 -102000 -61000 L22+;
5 15 -101000 -62000 0 -1;
5 11 L 22;
5 2 0.2p;
1 Bound -102000 -71000 -100500 -61000;
9 ind;
C 0 T -103000 -71000;
(SymbolCall ind);
5 10 0 1 -96000 -71000 L23-;
5 10 31 0 -96000 -61000 L23+;
5 15 -95000 -62000 0 -1;
5 11 L 23;
5 2 0.5p;
1 Bound -96000 -71000 -94500 -61000;
9 ind;
C 0 T -97000 -71000;
(SymbolCall ind);
5 10 0 1 -56000 -71000 L24-;
5 10 32 0 -56000 -61000 L24+;
5 15 -55000 -62000 0 -1;
5 11 L 24;
5 2 0.2p;
1 Bound -56000 -71000 -54500 -61000;
9 ind;
C 0 T -57000 -71000;
(SymbolCall ind);
5 10 0 1 -50000 -71000 L25-;
5 10 33 0 -50000 -61000 L25+;
5 15 -49000 -62000 0 -1;
5 11 L 25;
5 2 1p;
1 Bound -50000 -71000 -48500 -61000;
9 ind;
C 0 T -51000 -71000;
(SymbolCall ind);
5 10 0 1 20000 -71000 L26-;
5 10 34 0 20000 -61000 L26+;
5 15 21000 -62000 0 -1;
5 11 L 26;
5 2 0.2p;
1 Bound 20000 -71000 21500 -61000;
9 ind;
C 0 T 19000 -71000;
(SymbolCall ind);
5 10 0 1 26000 -71000 L27-;
5 10 35 0 26000 -61000 L27+;
5 15 27000 -62000 0 -1;
5 11 L 27;
5 2 1p;
1 Bound 26000 -71000 27500 -61000;
9 ind;
C 0 T 25000 -71000;
(SymbolCall ind);
5 10 0 1 46000 -71000 L28-;
5 10 36 0 46000 -61000 L28+;
5 15 47000 -62000 0 -1;
5 11 L 28;
5 2 0.2p;
1 Bound 46000 -71000 47500 -61000;
9 ind;
C 0 T 45000 -71000;
(SymbolCall ind);
5 10 0 1 52000 -71000 L29-;
5 10 37 0 52000 -61000 L29+;
5 15 53000 -62000 0 -1;
5 11 L 29;
5 2 1p;
1 Bound 52000 -71000 53500 -61000;
9 ind;
C 0 T 51000 -71000;
(SymbolCall jj);
5 3 area=B0;
5 10 38 2 7000 12000 B0_2;
5 10 9 1 8000 4000 B0-;
5 10 8 0 8000 14000 B0+;
5 11 B 0;
5 1 jjmit;
1 Bound 6500 4000 9500 14000;
9 jj;
C 0 T 7000 4000;
(SymbolCall jj);
5 3 area=B1;
5 10 39 2 7000 -17000 B1_2;
5 10 23 1 8000 -25000 B1-;
5 10 9 0 8000 -15000 B1+;
5 11 B 1;
5 1 jjmit;
1 Bound 6500 -25000 9500 -15000;
9 jj;
C 0 T 7000 -25000;
(SymbolCall jj);
5 3 area=B2;
5 10 40 2 -47000 -23000 B2_2;
5 10 13 1 -46000 -31000 B2-;
5 10 10 0 -46000 -21000 B2+;
5 11 B 2;
5 1 jjmit;
1 Bound -47500 -31000 -44500 -21000;
9 jj;
C 0 T -47000 -31000;
(SymbolCall jj);
5 3 area=B3;
5 10 41 2 -93000 -24000 B3_2;
5 10 15 1 -92000 -32000 B3-;
5 10 11 0 -92000 -22000 B3+;
5 1 jjmit;
5 11 B 3;
1 Bound -93500 -32000 -90500 -22000;
9 jj;
C 0 T -93000 -32000;
(SymbolCall jj);
5 3 area=B4;
5 10 42 2 35000 -26000 B4_2;
5 10 16 1 36000 -34000 B4-;
5 10 12 0 36000 -24000 B4+;
5 11 B 4;
5 1 jjmit;
1 Bound 34500 -34000 37500 -24000;
9 jj;
C 0 T 35000 -34000;
(SymbolCall jj);
5 3 area=B5;
5 10 43 2 19000 -43000 B5_2;
5 10 20 1 20000 -51000 B5-;
5 10 14 0 20000 -41000 B5+;
5 11 B 5;
5 1 jjmit;
1 Bound 18500 -51000 21500 -41000;
9 jj;
C 0 T 19000 -51000;
(SymbolCall jj);
5 3 area=B6;
5 10 44 2 -74000 -52000 B6_2;
5 10 18 1 -66000 -51000 B6-;
5 10 17 0 -76000 -51000 B6+;
5 11 B 6;
5 1 jjmit;
1 Bound -76000 -52500 -66000 -49500;
( Rotate 90 );
9 jj;
C 0 R 0 1 T -66000 -52000;
(SymbolCall jj);
5 3 area=B7;
5 10 45 2 -103000 -53000 B7_2;
5 10 30 1 -102000 -61000 B7-;
5 10 19 0 -102000 -51000 B7+;
5 1 jjmit;
5 11 B 7;
1 Bound -103500 -61000 -100500 -51000;
9 jj;
C 0 T -103000 -61000;
(SymbolCall jj);
5 3 area=B8;
5 10 46 2 -57000 -53000 B8_2;
5 10 32 1 -56000 -61000 B8-;
5 10 18 0 -56000 -51000 B8+;
5 1 jjmit;
5 11 B 8;
1 Bound -57500 -61000 -54500 -51000;
9 jj;
C 0 T -57000 -61000;
(SymbolCall jj);
5 3 area=B9;
5 10 47 2 19000 -53000 B9_2;
5 10 34 1 20000 -61000 B9-;
5 10 20 0 20000 -51000 B9+;
5 1 jjmit;
5 11 B 9;
1 Bound 18500 -61000 21500 -51000;
9 jj;
C 0 T 19000 -61000;
(SymbolCall jj);
5 3 area=B10;
5 10 48 2 45000 -53000 B10_2;
5 10 36 1 46000 -61000 B10-;
5 10 21 0 46000 -51000 B10+;
5 1 jjmit;
5 11 B 10;
1 Bound 44500 -61000 47500 -51000;
9 jj;
C 0 T 45000 -61000;
(SymbolCall res);
5 2 R0;
5 10 22 1 14000 4000 R0-;
5 10 8 0 14000 14000 R0+;
5 15 13000 13000 0 -1 "<v>/<value>O";
5 11 R 0;
1 Bound 12750 4000 15000 14000;
9 res;
C 0 T 14000 14000;
(SymbolCall res);
5 2 R1;
5 10 24 1 14000 -25000 R1-;
5 10 9 0 14000 -15000 R1+;
5 15 13000 -16000 0 -1 "<v>/<value>O";
5 11 R 1;
1 Bound 12750 -25000 15000 -15000;
9 res;
C 0 T 14000 -15000;
(SymbolCall res);
5 2 R2;
5 10 25 1 -40000 -31000 R2-;
5 10 10 0 -40000 -21000 R2+;
5 15 -41000 -22000 0 -1 "<v>/<value>O";
5 11 R 2;
1 Bound -41250 -31000 -39000 -21000;
9 res;
C 0 T -40000 -21000;
(SymbolCall res);
5 2 R3;
5 10 26 1 -86000 -32000 R3-;
5 10 11 0 -86000 -22000 R3+;
5 15 -87000 -23000 0 -1 "<v>/<value>O";
5 11 R 3;
1 Bound -87250 -32000 -85000 -22000;
9 res;
C 0 T -86000 -22000;
(SymbolCall res);
5 2 R4;
5 10 27 1 42000 -34000 R4-;
5 10 12 0 42000 -24000 R4+;
5 15 41000 -25000 0 -1 "<v>/<value>O";
5 11 R 4;
1 Bound 40750 -34000 43000 -24000;
9 res;
C 0 T 42000 -24000;
(SymbolCall res);
5 2 R5;
5 10 28 1 26000 -41000 R5-;
5 10 14 0 26000 -31000 R5+;
5 15 25000 -32000 0 -1 "<v>/<value>O";
5 11 R 5;
1 Bound 24750 -41000 27000 -31000;
9 res;
C 0 T 26000 -31000;
(SymbolCall res);
5 2 R6;
5 10 29 1 -66000 -45000 R6-;
5 10 17 0 -76000 -45000 R6+;
5 15 -75000 -46000 1 0 "<v>/<value>O";
5 11 R 6;
1 Bound -76000 -46250 -66000 -44000;
( Rotate 90 );
9 res;
C 0 R 0 1 T -76000 -45000;
(SymbolCall res);
5 2 R7;
5 10 31 1 -96000 -61000 R7-;
5 10 19 0 -96000 -51000 R7+;
5 15 -97000 -52000 0 -1 "<v>/<value>O";
5 11 R 7;
1 Bound -97250 -61000 -95000 -51000;
9 res;
C 0 T -96000 -51000;
(SymbolCall res);
5 2 R8;
5 10 33 1 -50000 -61000 R8-;
5 10 18 0 -50000 -51000 R8+;
5 15 -51000 -52000 0 -1 "<v>/<value>O";
5 11 R 8;
1 Bound -51250 -61000 -49000 -51000;
9 res;
C 0 T -50000 -51000;
(SymbolCall res);
5 2 R9;
5 10 35 1 26000 -61000 R9-;
5 10 20 0 26000 -51000 R9+;
5 15 25000 -52000 0 -1 "<v>/<value>O";
5 11 R 9;
1 Bound 24750 -61000 27000 -51000;
9 res;
C 0 T 26000 -51000;
(SymbolCall res);
5 2 R10;
5 10 37 1 52000 -61000 R10-;
5 10 21 0 52000 -51000 R10+;
5 15 51000 -52000 0 -1 "<v>/<value>O";
5 11 R 10;
1 Bound 50750 -61000 53000 -51000;
9 res;
C 0 T 52000 -51000;
L SCED;
5 10 3;
W2 0 -92000 -12000 -92000 24000;
5 10 5;
W2 0 -46000 -11000 -46000 24000;
5 10 7;
W2 0 36000 -14000 36000 24000;
5 10 8;
W2 0 14000 14000 8000 14000;
5 10 9;
W2 0 8000 4000 8000 -6000 14000 -6000 14000 -15000;
5 10 2;
W2 0 -122000 -15000 -2000 -15000;
5 10 9;
W2 0 8000 -15000 14000 -15000 20000 -15000 20000 -21000;
5 10 10;
W2 0 -46000 -21000 -40000 -21000;
5 10 11;
W2 0 -86000 -22000 -92000 -22000;
5 10 12;
W2 0 42000 -24000 36000 -24000;
5 10 13;
W2 0 10000 -51000 -40000 -51000 -40000 -41000 -46000 -41000 -46000 -31000;
5 10 14;
W2 0 26000 -31000 20000 -31000 20000 -41000;
5 10 15;
W2 0 -92000 -32000 -92000 -42000 -86000 -42000 -86000 -51000;
5 10 16;
W2 0 36000 -34000 36000 -44000 42000 -44000;
5 10 16;
W2 0 36000 -51000 36000 -44000;
5 10 17;
W2 0 -76000 -45000 -76000 -51000;
5 10 18;
W2 0 -66000 -51000 -56000 -51000 -56000 -45000;
5 10 1;
W2 0 -112000 -51000 -123000 -51000;
5 10 19;
W2 0 -102000 -51000 -96000 -51000;
5 10 18;
W2 0 -56000 -51000 -50000 -51000;
5 10 20;
W2 0 20000 -51000 26000 -51000;
5 10 21;
W2 0 46000 -51000 52000 -51000;
5 10 4;
W2 0 62000 -51000 84000 -51000;
L NAME;
5 16 L 0 11;
94 <<L0>> 7750 22750 320 1275 1000;
5 16 B 0 11;
94 <<B0>> 6250 12750 320 1275 1000;
5 16 R 0 11;
94 <<R0>> 12500 12750 320 1275 1000;
5 16 L 1 11;
94 <<L1>> 13750 2750 320 1050 1000;
5 16 L 2 11;
94 <<L2>> -46250 -12250 320 1275 1000;
5 16 L 4 11;
94 <<L4>> -1750 -13250 0 1275 1000;
5 16 L 3 11;
94 <<L3>> -92250 -13250 320 1275 1000;
5 16 L 5 11;
94 <<L5>> 35750 -15250 320 1275 1000;
5 16 B 1 11;
94 <<B1>> 6250 -16250 320 1050 1000;
5 16 R 1 11;
94 <<R1>> 12500 -16250 320 1050 1000;
5 16 B 2 11;
94 <<B2>> -47750 -22250 320 1275 1000;
5 16 R 2 11;
94 <<R2>> -41500 -22250 320 1275 1000;
5 16 L 6 11;
94 <<L6>> 19750 -22250 320 1275 1000;
5 16 B 3 11;
94 <<B3>> -93750 -23250 320 1275 1000;
5 16 R 3 11;
94 <<R3>> -87500 -23250 320 1275 1000;
5 16 B 4 11;
94 <<B4>> 34250 -25250 320 1275 1000;
5 16 R 4 11;
94 <<R4>> 40500 -25250 320 1275 1000;
5 16 L 7 11;
94 <<L7>> 7750 -26250 320 1275 1000;
5 16 L 8 11;
94 <<L8>> 13750 -26250 320 1275 1000;
5 16 L 9 11;
94 <<L9>> -40250 -32250 320 1275 1000;
5 16 R 5 11;
94 <<R5>> 24500 -32250 320 1275 1000;
5 16 L 10 11;
94 <<L10>> -86250 -33250 320 1650 1000;
5 16 L 11 11;
94 <<L11>> 41750 -35250 320 1425 1000;
5 16 L 13 11;
94 <<L13>> -65750 -43250 0 1650 1000;
5 16 B 5 11;
94 <<B5>> 18250 -42250 320 1275 1000;
5 16 L 12 11;
94 <<L12>> 25750 -42250 320 1650 1000;
5 16 R 6 11;
94 <<R6>> -75750 -43750 0 1275 1000;
5 16 L 14 11;
94 <<L14>> -111750 -49250 0 1650 1000;
5 16 L 15 11;
94 <<L15>> -95750 -49250 0 1650 1000;
5 16 L 16 11;
94 <<L16>> -85750 -49250 0 1650 1000;
5 16 B 6 11;
94 <<B6>> -75750 -49250 0 1275 1000;
5 16 L 17 11;
94 <<L17>> -49750 -49250 0 1650 1000;
5 16 L 18 11;
94 <<L18>> 10250 -49250 0 1650 1000;
5 16 L 19 11;
94 <<L19>> 26250 -49250 0 1650 1000;
5 16 L 20 11;
94 <<L20>> 36250 -49250 0 1875 1000;
5 16 L 21 11;
94 <<L21>> 52250 -49250 0 1650 1000;
5 16 B 7 11;
94 <<B7>> -103750 -52250 320 1275 1000;
5 16 R 7 11;
94 <<R7>> -97500 -52250 320 1275 1000;
5 16 B 8 11;
94 <<B8>> -57750 -52250 320 1275 1000;
5 16 R 8 11;
94 <<R8>> -51500 -52250 320 1275 1000;
5 16 B 9 11;
94 <<B9>> 18250 -52250 320 1275 1000;
5 16 R 9 11;
94 <<R9>> 24500 -52250 320 1275 1000;
5 16 B 10 11;
94 <<B10>> 44250 -52250 320 1650 1000;
5 16 R 10 11;
94 <<R10>> 50500 -52250 320 1650 1000;
5 16 L 22 11;
94 <<L22>> -102250 -62250 320 1875 1000;
5 16 L 23 11;
94 <<L23>> -96250 -62250 320 1875 1000;
5 16 L 24 11;
94 <<L24>> -56250 -62250 320 1875 1000;
5 16 L 25 11;
94 <<L25>> -50250 -62250 320 1875 1000;
5 16 L 26 11;
94 <<L26>> 19750 -62250 320 1875 1000;
5 16 L 27 11;
94 <<L27>> 25750 -62250 320 1875 1000;
5 16 L 28 11;
94 <<L28>> 45750 -62250 320 1875 1000;
5 16 L 29 11;
94 <<L29>> 51750 -62250 320 1875 1000;
L MODL;
5 16 B 0 1;
94 <<jjmit>> 9750 13750 256 2550 1000;
5 16 B 1 1;
94 <<jjmit>> 9750 -15250 256 2550 1000;
5 16 B 2 1;
94 <<jjmit>> -44250 -21250 256 2550 1000;
5 16 B 3 1;
94 <<jjmit>> -90250 -22250 256 2550 1000;
5 16 B 4 1;
94 <<jjmit>> 37750 -24250 256 2550 1000;
5 16 B 5 1;
94 <<jjmit>> 21750 -41250 256 2550 1000;
5 16 B 7 1;
94 <<jjmit>> -100250 -51250 256 2550 1000;
5 16 B 8 1;
94 <<jjmit>> -54250 -51250 256 2550 1000;
5 16 B 9 1;
94 <<jjmit>> 21750 -51250 256 2550 1000;
5 16 B 10 1;
94 <<jjmit>> 47750 -51250 256 2550 1000;
5 16 B 6 1;
94 <<jjmit>> -66250 -52750 320 2550 1000;
L VALU;
5 16 L 0 2;
94 <<400p>> 9750 23750 33024 2475 1000;
5 16 R 0 2;
94 <<R0>> 15250 13750 33024 1275 1000;
5 16 L 1 2;
94 <<0.2p>> 15750 3750 33024 2100 1000;
5 16 L 2 2;
94 <<400p>> -44250 -11250 33024 2475 1000;
5 16 L 3 2;
94 <<400p>> -90250 -12250 33024 2475 1000;
5 16 L 5 2;
94 <<400p>> 37750 -14250 33024 2475 1000;
5 16 L 4 2;
94 <<2p>> 7750 -15250 33088 1275 1000;
5 16 R 1 2;
94 <<R1>> 15250 -15250 33024 1050 1000;
5 16 L 6 2;
94 <<2.8p>> 19000 -17900 33027 2100 1000;
5 16 R 2 2;
94 <<R2>> -38750 -21250 33024 1275 1000;
5 16 R 3 2;
94 <<R3>> -84750 -22250 33024 1275 1000;
5 16 R 4 2;
94 <<R4>> 43250 -24250 33024 1275 1000;
5 16 L 7 2;
94 <<0.2p>> 9750 -25250 33024 2100 1000;
5 16 L 8 2;
94 <<1p>> 15750 -25250 33024 1050 1000;
5 16 L 9 2;
94 <<0.2p>> -38250 -31250 33024 2100 1000;
5 16 R 5 2;
94 <<R5>> 27250 -31250 33024 1275 1000;
5 16 L 10 2;
94 <<0.2p>> -84250 -32250 33024 2100 1000;
5 16 L 11 2;
94 <<0.2p>> 43750 -34250 33024 2100 1000;
5 16 L 12 2;
94 <<1p>> 27750 -41250 33024 1050 1000;
5 16 L 13 2;
94 <<0.2p>> -56250 -45250 33088 2100 1000;
5 16 R 6 2;
94 <<R6>> -66250 -46500 33088 1275 1000;
5 16 L 14 2;
94 <<2p>> -102250 -51250 33088 1275 1000;
5 16 R 7 2;
94 <<R7>> -94750 -51250 33024 1275 1000;
5 16 L 15 2;
94 <<1p>> -86250 -51250 33088 1050 1000;
5 16 L 16 2;
94 <<1.9p>> -76250 -51250 33088 1875 1000;
5 16 R 8 2;
94 <<R8>> -48750 -51250 33024 1275 1000;
5 16 L 17 2;
94 <<1.5p>> -40250 -51250 33088 1875 1000;
5 16 L 18 2;
94 <<6p>> 19750 -51250 33088 1275 1000;
5 16 R 9 2;
94 <<R9>> 27250 -51250 33024 1275 1000;
5 16 L 19 2;
94 <<3p>> 35750 -51250 33088 1275 1000;
5 16 L 20 2;
94 <<1p>> 45750 -51250 33088 1050 1000;
5 16 R 10 2;
94 <<R10>> 53250 -51250 33024 1650 1000;
5 16 L 21 2;
94 <<2p>> 61750 -51250 33088 1275 1000;
5 16 L 22 2;
94 <<0.2p>> -100250 -61250 33024 2100 1000;
5 16 L 23 2;
94 <<0.5p>> -94250 -61250 33024 2100 1000;
5 16 L 24 2;
94 <<0.2p>> -54250 -61250 33024 2100 1000;
5 16 L 25 2;
94 <<1p>> -48250 -61250 33024 1050 1000;
5 16 L 26 2;
94 <<0.2p>> 21750 -61250 33024 2100 1000;
5 16 L 27 2;
94 <<1p>> 27750 -61250 33024 1050 1000;
5 16 L 28 2;
94 <<0.2p>> 47750 -61250 33024 2100 1000;
5 16 L 29 2;
94 <<1p>> 53750 -61250 33024 1050 1000;
L PARM;
5 16 B 0 3;
94 <<area=B0>> 9750 4250 32768 4200 1000;
5 16 B 1 3;
94 <<area=B1>> 9750 -24750 32768 3975 1000;
5 16 B 2 3;
94 <<area=B2>> -44250 -30750 32768 4200 1000;
5 16 B 3 3;
94 <<area=B3>> -90250 -31750 32768 4200 1000;
5 16 B 4 3;
94 <<area=B4>> 37750 -33750 32768 4200 1000;
5 16 B 5 3;
94 <<area=B5>> 21750 -50750 32768 4200 1000;
5 16 B 6 3;
94 <<area=B6>> -79750 -53750 33024 4200 1000;
5 16 B 10 3;
94 <<area=B10>> 38750 -59750 32768 4575 1000;
5 16 B 7 3;
94 <<area=B7>> -100250 -60750 32768 4200 1000;
5 16 B 8 3;
94 <<area=B8>> -54250 -60750 32768 4200 1000;
5 16 B 9 3;
94 <<area=B9>> 21750 -60750 32768 4200 1000;
L SPTX;
94 <<.param R0=B0Rs/B0>> -123000 34000 0 9825 1000;
94 <<.param R1=B0Rs/B1>> -123000 33000 0 9375 1000;
94 <<.param R2=B0Rs/B2>> -123000 32000 0 9825 1000;
94 <<.param R3=B0Rs/B3>> -123000 31000 0 9825 1000;
94 <<.param R4=B0Rs/B4>> -123000 30000 0 9825 1000;
94 <<.param R5=B0Rs/B5>> -123000 29000 0 9825 1000;
94 <<.include ERSFQ_DFF_models.inc>> -123000 29000 0 15525 1000;
94 <<.param R6=B0Rs/B6>> -123000 28000 0 9825 1000;
94 <<.param Bc0=1>> -123000 28000 0 6600 1000;
94 <<.param R7=B0Rs/B7>> -123000 27000 0 9825 1000;
94 <<.param Ic0=0.0001>> -123000 27000 0 8925 1000;
94 <<.param R8=B0Rs/B8>> -123000 26000 0 9825 1000;
94 <<.param IcRs=100u*6.859904418>> -123000 26000 0 15300 1000;
94 <<.param R9=B0Rs/B9>> -123000 25000 0 9825 1000;
94 <<.param B0Rs=IcRs/Ic0*Bc0>> -123000 25000 0 13425 1000;
94 <<.param R10=B0Rs/B10>> -123000 24000 0 10575 1000;
94 <<.param B0=1.14, B1=2.5, B2=0.96, B3=2.6, B4=1.63, B5=1.5, B6=3, B7=2.5, B8=2, B9=2, B10=2.5>> -123000 24000 0 46125 1000;
DF;
E
* Generated by Xic from cell ERSFQ_DFF
.param R0=B0Rs/B0
.param R1=B0Rs/B1
.param R2=B0Rs/B2
.param R3=B0Rs/B3
.param R4=B0Rs/B4
.param R5=B0Rs/B5
.include ERSFQ_DFF_models.inc
.param R6=B0Rs/B6
.param Bc0=1
.param R7=B0Rs/B7
.param Ic0=0.0001
.param R8=B0Rs/B8
.param IcRs=100u*6.859904418
.param R9=B0Rs/B9
.param B0Rs=IcRs/Ic0*Bc0
.param R10=B0Rs/B10
.param B0=1.14, B1=2.5, B2=0.96, B3=2.6, B4=1.63, B5=1.5, B6=3, B7=2.5, B8=2, B9=2, B10=2.5
B0 8 9 38 jjmit area=B0
B1 9 23 39 jjmit area=B1
B2 10 13 40 jjmit area=B2
B3 11 15 41 jjmit area=B3
B4 12 16 42 jjmit area=B4
B5 14 20 43 jjmit area=B5
B6 17 18 44 jjmit area=B6
B7 19 30 45 jjmit area=B7
B8 18 32 46 jjmit area=B8
B9 20 34 47 jjmit area=B9
B10 21 36 48 jjmit area=B10
L0 BIAS3 8 400p
L1 22 9 0.2p
L2 BIAS2 10 400p
L3 BIAS1 11 400p
L4 ICLK 9 2p
L5 BIAS4 12 400p
L6 9 14 2.8p
L7 23 0 0.2p
L8 24 0 1p
L9 25 13 0.2p
L10 26 15 0.2p
L11 27 16 0.2p
L12 28 20 1p
L13 29 18 0.2p
L14 IIN 19 2p
L15 19 15 1p
L16 15 17 1.9p
L17 18 13 1.5p
L18 13 20 6p
L19 20 16 3p
L20 16 21 1p
L21 21 OUT 2p
L22 30 0 0.2p
L23 31 0 0.5p
L24 32 0 0.2p
L25 33 0 1p
L26 34 0 0.2p
L27 35 0 1p
L28 36 0 0.2p
L29 37 0 1p
R0 8 22 R0
R1 9 24 R1
R2 10 25 R2
R3 11 26 R3
R4 12 27 R4
R5 14 28 R5
R6 17 29 R6
R7 19 31 R7
R8 18 33 R8
R9 20 35 R9
R10 21 37 R10
.model jjmit jj(rtype=1, vg=2.8mV, cap=0.07pF, r0=160, rn=16, icrit=0.1mA)

* YBCO
