(Symbol ERSFQ_NOT);
($Id:$);
(xic.exe 4.3.5 Win32 i386 05/11/2018 10:26 GMT);
(PHYSICAL);
(RESOLUTION 1000);
( CREATED 5/11/2018 10:26:58, MODIFIED 5/11/2018 10:26:58 );
9 ERSFQ_NOT;
DS 0 1 1;
DF;
E
(ELECTRICAL);
(RESOLUTION 1000);
5 7101 tran 0.5p 1000p 0 0.25p UIC;
5 10 1 0 -95000 -39000 0x0 IN;
5 10 2 1 -95000 13000 0x0 CLK;
5 10 3 2 92000 44000 0x0 OUT;
5 10 4 3 -65000 87000 0x0 BIAS1;
5 10 5 4 -19000 87000 0x0 BIAS2;
5 10 6 5 19000 87000 0x0 BIAS3;
5 10 7 6 60000 87000 0x0 BIAS4;
5 11 X 0 subckt;
9 ERSFQ_NOT;
DS 0 1 1;
(SymbolCall gnd);
5 10 0 0 50000 24000;
1 Bound 49000 21400 51000 24000;
9 gnd;
C 0 T 49000 23000;
(SymbolCall gnd);
5 10 0 0 56000 24000;
1 Bound 55000 21400 57000 24000;
9 gnd;
C 0 T 55000 23000;
(SymbolCall gnd);
5 10 0 0 76000 24000;
1 Bound 75000 21400 77000 24000;
9 gnd;
C 0 T 75000 23000;
(SymbolCall gnd);
5 10 0 0 82000 24000;
1 Bound 81000 21400 83000 24000;
9 gnd;
C 0 T 81000 23000;
(SymbolCall gnd);
5 10 0 0 -34000 -7000;
1 Bound -35000 -9600 -33000 -7000;
9 gnd;
C 0 T -35000 -8000;
(SymbolCall gnd);
5 10 0 0 -28000 -7000;
1 Bound -29000 -9600 -27000 -7000;
9 gnd;
C 0 T -29000 -8000;
(SymbolCall gnd);
5 10 0 0 -8000 -7000;
1 Bound -9000 -9600 -7000 -7000;
9 gnd;
C 0 T -9000 -8000;
(SymbolCall gnd);
5 10 0 0 -2000 -7000;
1 Bound -3000 -9600 -1000 -7000;
9 gnd;
C 0 T -3000 -8000;
(SymbolCall gnd);
5 10 0 0 8000 -7000;
1 Bound 7000 -9600 9000 -7000;
9 gnd;
C 0 T 7000 -8000;
(SymbolCall gnd);
5 10 0 0 14000 -7000;
1 Bound 13000 -9600 15000 -7000;
9 gnd;
C 0 T 13000 -8000;
(SymbolCall gnd);
5 10 0 0 62000 -39000;
1 Bound 61000 -41600 63000 -39000;
9 gnd;
C 0 T 61000 -40000;
(SymbolCall gnd);
5 10 0 0 -80000 -59000;
1 Bound -81000 -61600 -79000 -59000;
9 gnd;
C 0 T -81000 -60000;
(SymbolCall gnd);
5 10 0 0 -74000 -59000;
1 Bound -75000 -61600 -73000 -59000;
9 gnd;
C 0 T -75000 -60000;
(SymbolCall gnd);
5 10 0 0 -54000 -59000;
1 Bound -55000 -61600 -53000 -59000;
9 gnd;
C 0 T -55000 -60000;
(SymbolCall gnd);
5 10 0 0 -48000 -59000;
1 Bound -49000 -61600 -47000 -59000;
9 gnd;
C 0 T -49000 -60000;
(SymbolCall gnd);
5 10 0 0 36000 -59000;
1 Bound 35000 -61600 37000 -59000;
9 gnd;
C 0 T 35000 -60000;
(SymbolCall gnd);
5 10 0 0 42000 -59000;
1 Bound 41000 -61600 43000 -59000;
9 gnd;
C 0 T 41000 -60000;
(SymbolCall ind);
5 10 8 1 -65000 77000 L0-;
5 10 4 0 -65000 87000 L0+;
5 15 -64000 86000 0 -1;
5 11 L 0;
5 2 400p;
1 Bound -65000 77000 -63500 87000;
9 ind;
C 0 T -66000 77000;
(SymbolCall ind);
5 10 9 1 -19000 77000 L1-;
5 10 5 0 -19000 87000 L1+;
5 15 -18000 86000 0 -1;
5 11 L 1;
5 2 400p;
1 Bound -19000 77000 -17500 87000;
9 ind;
C 0 T -20000 77000;
(SymbolCall ind);
5 10 10 1 19000 77000 L2-;
5 10 6 0 19000 87000 L2+;
5 15 20000 86000 0 -1;
5 11 L 2;
5 2 400p;
1 Bound 19000 77000 20500 87000;
9 ind;
C 0 T 18000 77000;
(SymbolCall ind);
5 10 11 1 60000 77000 L3-;
5 10 7 0 60000 87000 L3+;
5 15 61000 86000 0 -1;
5 2 400p;
5 11 L 3;
1 Bound 60000 77000 61500 87000;
9 ind;
C 0 T 59000 77000;
(SymbolCall ind);
5 10 12 1 -59000 57000 L4-;
5 10 30 0 -59000 67000 L4+;
5 15 -58000 66000 0 -1;
5 11 L 4;
5 2 1p;
1 Bound -59000 57000 -57500 67000;
9 ind;
C 0 T -60000 57000;
(SymbolCall ind);
5 10 13 1 -13000 57000 L5-;
5 10 31 0 -13000 67000 L5+;
5 15 -12000 66000 0 -1;
5 11 L 5;
5 2 1p;
1 Bound -13000 57000 -11500 67000;
9 ind;
C 0 T -14000 57000;
(SymbolCall ind);
5 10 14 1 25000 57000 L6-;
5 10 32 0 25000 67000 L6+;
5 15 26000 66000 0 -1;
5 11 L 6;
5 2 1p;
1 Bound 25000 57000 26500 67000;
9 ind;
C 0 T 24000 57000;
(SymbolCall ind);
5 10 15 1 66000 57000 L7-;
5 10 33 0 66000 67000 L7+;
5 15 67000 66000 0 -1;
5 2 1p;
5 11 L 7;
1 Bound 66000 57000 67500 67000;
9 ind;
C 0 T 65000 57000;
(SymbolCall ind);
5 10 17 1 34000 44000 L8-;
5 10 34 0 24000 44000 L8+;
5 15 25000 45000 1 0;
5 2 1p;
5 11 L 8;
1 Bound 24000 44000 34000 45500;
( Rotate 90 );
9 ind;
C 0 R 0 1 T 34000 43000;
(SymbolCall ind);
5 10 18 1 50000 44000 L9-;
5 10 17 0 40000 44000 L9+;
5 15 41000 45000 1 0;
5 2 0.239p;
5 11 L 9;
1 Bound 40000 44000 50000 45500;
( Rotate 90 );
9 ind;
C 0 R 0 1 T 50000 43000;
(SymbolCall ind);
5 10 15 1 66000 44000 L10-;
5 10 18 0 56000 44000 L10+;
5 15 57000 45000 1 0;
5 2 5.53p;
5 11 L 10;
1 Bound 56000 44000 66000 45500;
( Rotate 90 );
9 ind;
C 0 R 0 1 T 66000 43000;
(SymbolCall ind);
5 10 19 1 76000 44000 L11-;
5 10 15 0 66000 44000 L11+;
5 15 67000 45000 1 0;
5 2 1p;
5 11 L 11;
1 Bound 66000 44000 76000 45500;
( Rotate 90 );
9 ind;
C 0 R 0 1 T 76000 43000;
(SymbolCall ind);
5 10 3 1 92000 44000 L12-;
5 10 19 0 82000 44000 L12+;
5 15 83000 45000 1 0;
5 2 1.846p;
5 11 L 12;
1 Bound 82000 44000 92000 45500;
( Rotate 90 );
9 ind;
C 0 R 0 1 T 92000 43000;
(SymbolCall ind);
5 10 20 1 40000 33000 L13-;
5 10 17 0 40000 43000 L13+;
5 15 41000 42000 0 -1;
5 2 0.734p;
5 11 L 13;
1 Bound 40000 33000 41500 43000;
9 ind;
C 0 T 39000 33000;
(SymbolCall ind);
5 10 0 1 50000 24000 L14-;
5 10 35 0 50000 34000 L14+;
5 15 51000 33000 0 -1;
5 2 0.27p;
5 11 L 14;
1 Bound 50000 24000 51500 34000;
9 ind;
C 0 T 49000 24000;
(SymbolCall ind);
5 10 0 1 56000 24000 L15-;
5 10 36 0 56000 34000 L15+;
5 15 57000 33000 0 -1;
5 2 1p;
5 11 L 15;
1 Bound 56000 24000 57500 34000;
9 ind;
C 0 T 55000 24000;
(SymbolCall ind);
5 10 0 1 76000 24000 L16-;
5 10 37 0 76000 34000 L16+;
5 15 77000 33000 0 -1;
5 2 0.12p;
5 11 L 16;
1 Bound 76000 24000 77500 34000;
9 ind;
C 0 T 75000 24000;
(SymbolCall ind);
5 10 0 1 82000 24000 L17-;
5 10 38 0 82000 34000 L17+;
5 15 83000 33000 0 -1;
5 2 1p;
5 11 L 17;
1 Bound 82000 24000 83500 34000;
9 ind;
C 0 T 81000 24000;
(SymbolCall ind);
5 10 20 1 34000 33000 L18-;
5 10 39 0 34000 23000 L18+;
5 15 33000 24000 0 1;
5 2 1p;
5 11 L 18;
1 Bound 32500 23000 34000 33000;
( Rotate 180 );
9 ind;
C 0 R -1 0 T 35000 33000;
(SymbolCall ind);
5 10 16 1 8000 23000 L19-;
5 10 23 0 8000 13000 L19+;
5 15 7000 14000 0 1;
5 2 3p;
5 11 L 19;
1 Bound 6500 13000 8000 23000;
( Rotate 180 );
9 ind;
C 0 R -1 0 T 9000 23000;
(SymbolCall ind);
5 10 21 1 -34000 13000 L20-;
5 10 2 0 -44000 13000 L20+;
5 15 -43000 14000 1 0;
5 2 1.53p;
5 11 L 20;
1 Bound -44000 13000 -34000 14500;
( Rotate 90 );
9 ind;
C 0 R 0 1 T -34000 12000;
(SymbolCall ind);
5 10 13 1 -18000 13000 L21-;
5 10 21 0 -28000 13000 L21+;
5 15 -27000 14000 1 0;
5 2 1.01p;
5 11 L 21;
1 Bound -28000 13000 -18000 14500;
( Rotate 90 );
9 ind;
C 0 R 0 1 T -18000 12000;
(SymbolCall ind);
5 10 22 1 -8000 13000 L22-;
5 10 13 0 -18000 13000 L22+;
5 15 -17000 14000 1 0;
5 2 3p;
5 11 L 22;
1 Bound -18000 13000 -8000 14500;
( Rotate 90 );
9 ind;
C 0 R 0 1 T -8000 12000;
(SymbolCall ind);
5 10 23 1 8000 13000 L23-;
5 10 22 0 -2000 13000 L23+;
5 15 -1000 14000 1 0;
5 2 3.6p;
5 11 L 23;
1 Bound -2000 13000 8000 14500;
( Rotate 90 );
9 ind;
C 0 R 0 1 T 8000 12000;
(SymbolCall ind);
5 10 14 1 24000 13000 L24-;
5 10 23 0 14000 13000 L24+;
5 15 15000 14000 1 0;
5 2 8.3p;
5 11 L 24;
1 Bound 14000 13000 24000 14500;
( Rotate 90 );
9 ind;
C 0 R 0 1 T 24000 12000;
(SymbolCall ind);
5 10 24 1 34000 13000 L25-;
5 10 14 0 24000 13000 L25+;
5 15 25000 14000 1 0;
5 2 0.4p;
5 11 L 25;
1 Bound 24000 13000 34000 14500;
( Rotate 90 );
9 ind;
C 0 R 0 1 T 34000 12000;
(SymbolCall ind);
5 10 0 1 -34000 -7000 L26-;
5 10 40 0 -34000 3000 L26+;
5 15 -33000 2000 0 -1;
5 2 0.328p;
5 11 L 26;
1 Bound -34000 -7000 -32500 3000;
9 ind;
C 0 T -35000 -7000;
(SymbolCall ind);
5 10 0 1 -28000 -7000 L27-;
5 10 41 0 -28000 3000 L27+;
5 15 -27000 2000 0 -1;
5 2 1p;
5 11 L 27;
1 Bound -28000 -7000 -26500 3000;
9 ind;
C 0 T -29000 -7000;
(SymbolCall ind);
5 10 0 1 -8000 -7000 L28-;
5 10 42 0 -8000 3000 L28+;
5 15 -7000 2000 0 -1;
5 2 0.234p;
5 11 L 28;
1 Bound -8000 -7000 -6500 3000;
9 ind;
C 0 T -9000 -7000;
(SymbolCall ind);
5 10 0 1 -2000 -7000 L29-;
5 10 43 0 -2000 3000 L29+;
5 15 -1000 2000 0 -1;
5 2 1p;
5 11 L 29;
1 Bound -2000 -7000 -500 3000;
9 ind;
C 0 T -3000 -7000;
(SymbolCall ind);
5 10 0 1 8000 -7000 L30-;
5 10 44 0 8000 3000 L30+;
5 15 9000 2000 0 -1;
5 2 0.567p;
5 11 L 30;
1 Bound 8000 -7000 9500 3000;
9 ind;
C 0 T 7000 -7000;
(SymbolCall ind);
5 10 0 1 14000 -7000 L31-;
5 10 45 0 14000 3000 L31+;
5 15 15000 2000 0 -1;
5 2 1p;
5 11 L 31;
1 Bound 14000 -7000 15500 3000;
9 ind;
C 0 T 13000 -7000;
(SymbolCall ind);
5 10 25 1 40000 -7000 L32-;
5 10 46 0 40000 3000 L32+;
5 15 41000 2000 0 -1;
5 2 1p;
5 11 L 32;
1 Bound 40000 -7000 41500 3000;
9 ind;
C 0 T 39000 -7000;
(SymbolCall ind);
5 10 26 1 40000 -17000 L33-;
5 10 25 0 40000 -7000 L33+;
5 15 41000 -8000 0 -1;
5 2 1.186p;
5 11 L 33;
1 Bound 40000 -17000 41500 -7000;
9 ind;
C 0 T 39000 -17000;
(SymbolCall ind);
5 10 27 1 -80000 -39000 L34-;
5 10 1 0 -90000 -39000 L34+;
5 15 -89000 -38000 1 0;
5 2 2.577p;
5 11 L 34;
1 Bound -90000 -39000 -80000 -37500;
( Rotate 90 );
9 ind;
C 0 R 0 1 T -80000 -40000;
(SymbolCall ind);
5 10 12 1 -64000 -39000 L35-;
5 10 27 0 -74000 -39000 L35+;
5 15 -73000 -38000 1 0;
5 2 1p;
5 11 L 35;
1 Bound -74000 -39000 -64000 -37500;
( Rotate 90 );
9 ind;
C 0 R 0 1 T -64000 -40000;
(SymbolCall ind);
5 10 28 1 -54000 -39000 L36-;
5 10 12 0 -64000 -39000 L36+;
5 15 -63000 -38000 1 0;
5 2 2.583p;
5 11 L 36;
1 Bound -64000 -39000 -54000 -37500;
( Rotate 90 );
9 ind;
C 0 R 0 1 T -54000 -40000;
(SymbolCall ind);
5 10 26 1 -38000 -39000 L37-;
5 10 28 0 -48000 -39000 L37+;
5 15 -47000 -38000 1 0;
5 2 2.95p;
5 11 L 37;
1 Bound -48000 -39000 -38000 -37500;
( Rotate 90 );
9 ind;
C 0 R 0 1 T -38000 -40000;
(SymbolCall ind);
5 10 29 1 36000 -39000 L38-;
5 10 26 0 26000 -39000 L38+;
5 15 27000 -38000 1 0;
5 2 0.359p;
5 11 L 38;
1 Bound 26000 -39000 36000 -37500;
( Rotate 90 );
9 ind;
C 0 R 0 1 T 36000 -40000;
(SymbolCall ind);
5 10 47 1 52000 -39000 L39-;
5 10 29 0 42000 -39000 L39+;
5 15 43000 -38000 1 0;
5 2 2.571p;
5 11 L 39;
1 Bound 42000 -39000 52000 -37500;
( Rotate 90 );
9 ind;
C 0 R 0 1 T 52000 -40000;
(SymbolCall ind);
5 10 0 1 -80000 -59000 L40-;
5 10 48 0 -80000 -49000 L40+;
5 15 -79000 -50000 0 -1;
5 2 0.109p;
5 11 L 40;
1 Bound -80000 -59000 -78500 -49000;
9 ind;
C 0 T -81000 -59000;
(SymbolCall ind);
5 10 0 1 -74000 -59000 L41-;
5 10 49 0 -74000 -49000 L41+;
5 15 -73000 -50000 0 -1;
5 2 1p;
5 11 L 41;
1 Bound -74000 -59000 -72500 -49000;
9 ind;
C 0 T -75000 -59000;
(SymbolCall ind);
5 10 0 1 -54000 -59000 L42-;
5 10 50 0 -54000 -49000 L42+;
5 15 -53000 -50000 0 -1;
5 2 0.133p;
5 11 L 42;
1 Bound -54000 -59000 -52500 -49000;
9 ind;
C 0 T -55000 -59000;
(SymbolCall ind);
5 10 0 1 -48000 -59000 L43-;
5 10 51 0 -48000 -49000 L43+;
5 15 -47000 -50000 0 -1;
5 2 1p;
5 11 L 43;
1 Bound -48000 -59000 -46500 -49000;
9 ind;
C 0 T -49000 -59000;
(SymbolCall ind);
5 10 0 1 36000 -59000 L44-;
5 10 52 0 36000 -49000 L44+;
5 15 37000 -50000 0 -1;
5 2 0.239p;
5 11 L 44;
1 Bound 36000 -59000 37500 -49000;
9 ind;
C 0 T 35000 -59000;
(SymbolCall ind);
5 10 0 1 42000 -59000 L45-;
5 10 53 0 42000 -49000 L45+;
5 15 43000 -50000 0 -1;
5 2 1p;
5 11 L 45;
1 Bound 42000 -59000 43500 -49000;
9 ind;
C 0 T 41000 -59000;
(SymbolCall jj);
5 3 area=B0;
5 10 54 2 -66000 75000 B0_2;
5 10 12 1 -65000 67000 B0-;
5 10 8 0 -65000 77000 B0+;
5 11 B 0;
5 1 jjmit;
1 Bound -66500 67000 -63500 77000;
9 jj;
C 0 T -66000 67000;
(SymbolCall jj);
5 3 area=B1;
5 10 55 2 -20000 75000 B1_2;
5 10 13 1 -19000 67000 B1-;
5 10 9 0 -19000 77000 B1+;
5 11 B 1;
5 1 jjmit;
1 Bound -20500 67000 -17500 77000;
9 jj;
C 0 T -20000 67000;
(SymbolCall jj);
5 3 area=B2;
5 10 56 2 18000 75000 B2_2;
5 10 14 1 19000 67000 B2-;
5 10 10 0 19000 77000 B2+;
5 11 B 2;
5 1 jjmit;
1 Bound 17500 67000 20500 77000;
9 jj;
C 0 T 18000 67000;
(SymbolCall jj);
5 3 area=B3;
5 10 57 2 59000 75000 B3_2;
5 10 15 1 60000 67000 B3-;
5 10 11 0 60000 77000 B3+;
5 1 jjmit;
5 11 B 3;
1 Bound 58500 67000 61500 77000;
9 jj;
C 0 T 59000 67000;
(SymbolCall jj);
5 3 area=B4;
5 10 58 2 49000 42000 B4_2;
5 10 35 1 50000 34000 B4-;
5 10 18 0 50000 44000 B4+;
5 11 B 4;
5 1 jjmit;
1 Bound 48500 34000 51500 44000;
9 jj;
C 0 T 49000 34000;
(SymbolCall jj);
5 3 area=B5;
5 10 59 2 75000 42000 B5_2;
5 10 37 1 76000 34000 B5-;
5 10 19 0 76000 44000 B5+;
5 11 B 5;
5 1 jjmit;
1 Bound 74500 34000 77500 44000;
9 jj;
C 0 T 75000 34000;
(SymbolCall jj);
5 3 area=B6;
5 10 60 2 16000 37000 B6_2;
5 10 17 1 24000 38000 B6-;
5 10 16 0 14000 38000 B6+;
5 11 B 6;
5 1 jjmit;
1 Bound 14000 36500 24000 39500;
( Rotate 90 );
9 jj;
C 0 R 0 1 T 24000 37000;
(SymbolCall jj);
5 3 area=B7;
5 10 61 2 41000 15000 B7_2;
5 10 20 1 40000 23000 B7-;
5 10 24 0 40000 13000 B7+;
5 11 B 7;
5 1 jjmit;
1 Bound 38500 13000 41500 23000;
( Rotate 180 );
9 jj;
C 0 R -1 0 T 41000 23000;
(SymbolCall jj);
5 3 area=B8;
5 10 62 2 -35000 11000 B8_2;
5 10 40 1 -34000 3000 B8-;
5 10 21 0 -34000 13000 B8+;
5 1 jjmit;
5 11 B 8;
1 Bound -35500 3000 -32500 13000;
9 jj;
C 0 T -35000 3000;
(SymbolCall jj);
5 3 area=B9;
5 10 63 2 -9000 11000 B9_2;
5 10 42 1 -8000 3000 B9-;
5 10 22 0 -8000 13000 B9+;
5 1 jjmit;
5 11 B 9;
1 Bound -9500 3000 -6500 13000;
9 jj;
C 0 T -9000 3000;
(SymbolCall jj);
5 3 area=B10;
5 10 64 2 7000 11000 B10_2;
5 10 44 1 8000 3000 B10-;
5 10 23 0 8000 13000 B10+;
5 11 B 10;
5 1 jjmit;
1 Bound 6500 3000 9500 13000;
9 jj;
C 0 T 7000 3000;
(SymbolCall jj);
5 3 area=B11;
5 10 65 2 33000 11000 B11_2;
5 10 25 1 34000 3000 B11-;
5 10 24 0 34000 13000 B11+;
5 11 B 11;
5 1 jjmit;
1 Bound 32500 3000 35500 13000;
9 jj;
C 0 T 33000 3000;
(SymbolCall jj);
5 3 area=B12;
5 10 66 2 -81000 -41000 B12_2;
5 10 48 1 -80000 -49000 B12-;
5 10 27 0 -80000 -39000 B12+;
5 11 B 12;
5 1 jjmit;
1 Bound -81500 -49000 -78500 -39000;
9 jj;
C 0 T -81000 -49000;
(SymbolCall jj);
5 3 area=B13;
5 10 67 2 -55000 -41000 B13_2;
5 10 50 1 -54000 -49000 B13-;
5 10 28 0 -54000 -39000 B13+;
5 1 jjmit;
5 11 B 13;
1 Bound -55500 -49000 -52500 -39000;
9 jj;
C 0 T -55000 -49000;
(SymbolCall jj);
5 3 area=B14;
5 10 68 2 35000 -41000 B14_2;
5 10 52 1 36000 -49000 B14-;
5 10 29 0 36000 -39000 B14+;
5 1 jjmit;
5 11 B 14;
1 Bound 34500 -49000 37500 -39000;
9 jj;
C 0 T 35000 -49000;
(SymbolCall res);
5 2 R0;
5 10 30 1 -59000 67000 R0-;
5 10 8 0 -59000 77000 R0+;
5 15 -60000 76000 0 -1 "<v>/<value>O";
5 11 R 0;
1 Bound -60250 67000 -58000 77000;
9 res;
C 0 T -59000 77000;
(SymbolCall res);
5 2 R1;
5 10 31 1 -13000 67000 R1-;
5 10 9 0 -13000 77000 R1+;
5 15 -14000 76000 0 -1 "<v>/<value>O";
5 11 R 1;
1 Bound -14250 67000 -12000 77000;
9 res;
C 0 T -13000 77000;
(SymbolCall res);
5 2 R2;
5 10 32 1 25000 67000 R2-;
5 10 10 0 25000 77000 R2+;
5 15 24000 76000 0 -1 "<v>/<value>O";
5 11 R 2;
1 Bound 23750 67000 26000 77000;
9 res;
C 0 T 25000 77000;
(SymbolCall res);
5 2 R3;
5 10 33 1 66000 67000 R3-;
5 10 11 0 66000 77000 R3+;
5 15 65000 76000 0 -1 "<v>/<value>O";
5 11 R 3;
1 Bound 64750 67000 67000 77000;
9 res;
C 0 T 66000 77000;
(SymbolCall res);
5 2 R6;
5 11 R.R6 4;
5 10 34 1 24000 44000 R6-;
5 10 16 0 14000 44000 R6+;
5 15 15000 43000 1 0 "<v>/<value>O";
1 Bound 14000 42750 24000 45000;
( Rotate 90 );
9 res;
C 0 R 0 1 T 14000 44000;
(SymbolCall res);
5 2 R4;
5 11 R.R4 5;
5 10 36 1 56000 34000 R4-;
5 10 18 0 56000 44000 R4+;
5 15 55000 43000 0 -1 "<v>/<value>O";
1 Bound 54750 34000 57000 44000;
9 res;
C 0 T 56000 44000;
(SymbolCall res);
5 2 R5;
5 11 R.R5 6;
5 10 38 1 82000 34000 R5-;
5 10 19 0 82000 44000 R5+;
5 15 81000 43000 0 -1 "<v>/<value>O";
1 Bound 80750 34000 83000 44000;
9 res;
C 0 T 82000 44000;
(SymbolCall res);
5 2 R7;
5 10 39 1 34000 23000 R7-;
5 10 24 0 34000 13000 R7+;
5 15 35000 14000 0 1 "<v>/<value>O";
5 11 R 7;
1 Bound 33000 13000 35250 23000;
( Rotate 180 );
9 res;
C 0 R -1 0 T 34000 13000;
(SymbolCall res);
5 2 R8;
5 10 41 1 -28000 3000 R8-;
5 10 21 0 -28000 13000 R8+;
5 15 -29000 12000 0 -1 "<v>/<value>O";
5 11 R 8;
1 Bound -29250 3000 -27000 13000;
9 res;
C 0 T -28000 13000;
(SymbolCall res);
5 2 R9;
5 10 43 1 -2000 3000 R9-;
5 10 22 0 -2000 13000 R9+;
5 15 -3000 12000 0 -1 "<v>/<value>O";
5 11 R 9;
1 Bound -3250 3000 -1000 13000;
9 res;
C 0 T -2000 13000;
(SymbolCall res);
5 2 R10;
5 10 45 1 14000 3000 R10-;
5 10 23 0 14000 13000 R10+;
5 15 13000 12000 0 -1 "<v>/<value>O";
5 11 R 10;
1 Bound 12750 3000 15000 13000;
9 res;
C 0 T 14000 13000;
(SymbolCall res);
5 2 R11;
5 10 46 1 40000 3000 R11-;
5 10 24 0 40000 13000 R11+;
5 15 39000 12000 0 -1 "<v>/<value>O";
5 11 R 11;
1 Bound 38750 3000 41000 13000;
9 res;
C 0 T 40000 13000;
(SymbolCall res);
5 11 R.R15 12;
5 10 0 1 62000 -39000 R15-;
5 10 47 0 52000 -39000 R15+;
5 15 53000 -40000 1 0 "<v>/<value>O";
5 2 3.54;
1 Bound 52000 -40250 62000 -38000;
( Rotate 90 );
9 res;
C 0 R 0 1 T 52000 -39000;
(SymbolCall res);
5 2 R12;
5 11 R.R12 13;
5 10 49 1 -74000 -49000 R12-;
5 10 27 0 -74000 -39000 R12+;
5 15 -75000 -40000 0 -1 "<v>/<value>O";
1 Bound -75250 -49000 -73000 -39000;
9 res;
C 0 T -74000 -39000;
(SymbolCall res);
5 2 R13;
5 11 R.R13 14;
5 10 51 1 -48000 -49000 R13-;
5 10 28 0 -48000 -39000 R13+;
5 15 -49000 -40000 0 -1 "<v>/<value>O";
1 Bound -49250 -49000 -47000 -39000;
9 res;
C 0 T -48000 -39000;
(SymbolCall res);
5 2 R14;
5 11 R.R14 15;
5 10 53 1 42000 -49000 R14-;
5 10 29 0 42000 -39000 R14+;
5 15 41000 -40000 0 -1 "<v>/<value>O";
1 Bound 40750 -49000 43000 -39000;
9 res;
C 0 T 42000 -39000;
L SCED;
5 10 8;
W2 0 -59000 77000 -65000 77000;
5 10 9;
W2 0 -13000 77000 -19000 77000;
5 10 10;
W2 0 19000 77000 25000 77000;
5 10 11;
W2 0 60000 77000 66000 77000;
5 10 12;
W2 0 -59000 57000 -64000 57000 -65000 57000 -65000 67000;
5 10 13;
W2 0 -19000 67000 -19000 57000 -18000 57000;
5 10 14;
W2 0 25000 57000 22000 57000 19000 57000 19000 67000;
5 10 15;
W2 0 66000 44000 66000 57000 60000 57000 60000 67000;
5 10 12;
W2 0 -64000 -39000 -64000 57000;
5 10 13;
W2 0 -18000 13000 -18000 57000 -13000 57000;
5 10 14;
W2 0 22000 57000 22000 23000 24000 23000 24000 13000;
5 10 16;
W2 0 14000 38000 14000 44000 8000 44000 8000 23000;
5 10 17;
W2 0 24000 38000 34000 38000 34000 44000 40000 44000 40000 43000;
5 10 18;
W2 0 50000 44000 56000 44000;
5 10 19;
W2 0 76000 44000 82000 44000;
5 10 20;
W2 0 34000 33000 40000 33000 40000 23000;
5 10 2;
W2 0 -44000 13000 -95000 13000;
5 10 21;
W2 0 -34000 13000 -28000 13000;
5 10 22;
W2 0 -8000 13000 -2000 13000;
5 10 23;
W2 0 8000 13000 14000 13000;
5 10 24;
W2 0 34000 13000 40000 13000;
5 10 25;
W2 0 40000 -7000 34000 -7000 34000 3000;
5 10 26;
W2 0 40000 -17000 22000 -17000 22000 -39000;
5 10 1;
W2 0 -90000 -39000 -95000 -39000;
5 10 27;
W2 0 -80000 -39000 -74000 -39000;
5 10 28;
W2 0 -48000 -39000 -54000 -39000;
5 10 26;
W2 0 -38000 -39000 22000 -39000 26000 -39000;
5 10 29;
W2 0 36000 -39000 42000 -39000;
L NAME;
5 16 L 0 11;
94 <<L0>> -65250 85750 320 1275 1000;
5 16 L 1 11;
94 <<L1>> -19250 85750 320 1050 1000;
5 16 L 2 11;
94 <<L2>> 18750 85750 320 1275 1000;
5 16 L 3 11;
94 <<L3>> 59750 85750 320 1275 1000;
5 16 B 0 11;
94 <<B0>> -66750 75750 320 1275 1000;
5 16 R 0 11;
94 <<R0>> -60500 75750 320 1275 1000;
5 16 B 1 11;
94 <<B1>> -20750 75750 320 1050 1000;
5 16 R 1 11;
94 <<R1>> -14500 75750 320 1050 1000;
5 16 B 2 11;
94 <<B2>> 17250 75750 320 1275 1000;
5 16 R 2 11;
94 <<R2>> 23500 75750 320 1275 1000;
5 16 B 3 11;
94 <<B3>> 58250 75750 320 1275 1000;
5 16 R 3 11;
94 <<R3>> 64500 75750 320 1275 1000;
5 16 L 4 11;
94 <<L4>> -59250 65750 320 1275 1000;
5 16 L 5 11;
94 <<L5>> -13250 65750 320 1275 1000;
5 16 L 6 11;
94 <<L6>> 24750 65750 320 1275 1000;
5 16 L 7 11;
94 <<L7>> 65750 65750 320 1275 1000;
5 16 L 8 11;
94 <<L8>> 24250 45750 0 1275 1000;
5 16 L 9 11;
94 <<L9>> 40250 45750 0 1275 1000;
5 16 L 10 11;
94 <<L10>> 56250 45750 0 1650 1000;
5 16 L 11 11;
94 <<L11>> 66250 45750 0 1425 1000;
5 16 L 12 11;
94 <<L12>> 82250 45750 0 1650 1000;
5 16 R 4 11;
94 <<R6>> 14250 45250 0 1275 1000;
5 16 B 4 11;
94 <<B4>> 48250 42750 320 1275 1000;
5 16 R 5 11;
94 <<R4>> 54500 42750 320 1275 1000;
5 16 B 5 11;
94 <<B5>> 74250 42750 320 1275 1000;
5 16 R 6 11;
94 <<R5>> 80500 42750 320 1275 1000;
5 16 L 13 11;
94 <<L13>> 39750 41750 320 1650 1000;
5 16 B 6 11;
94 <<B6>> 14250 39750 0 1275 1000;
5 16 L 14 11;
94 <<L14>> 49750 32750 320 1650 1000;
5 16 L 15 11;
94 <<L15>> 55750 32750 320 1650 1000;
5 16 L 16 11;
94 <<L16>> 75750 32750 320 1650 1000;
5 16 L 17 11;
94 <<L17>> 81750 32750 320 1650 1000;
5 16 L 18 11;
94 <<L18>> 32250 31750 320 1650 1000;
5 16 L 19 11;
94 <<L19>> 6250 21750 320 1650 1000;
5 16 R 7 11;
94 <<R7>> 32750 21750 320 1275 1000;
5 16 B 7 11;
94 <<B7>> 38250 21750 320 1275 1000;
5 16 L 20 11;
94 <<L20>> -43750 14750 0 1875 1000;
5 16 L 21 11;
94 <<L21>> -27750 14750 0 1650 1000;
5 16 L 22 11;
94 <<L22>> -17750 14750 0 1875 1000;
5 16 L 23 11;
94 <<L23>> -1750 14750 0 1875 1000;
5 16 L 24 11;
94 <<L24>> 14250 14750 0 1875 1000;
5 16 L 25 11;
94 <<L25>> 24250 14750 0 1875 1000;
5 16 B 8 11;
94 <<B8>> -35750 11750 320 1275 1000;
5 16 R 8 11;
94 <<R8>> -29500 11750 320 1275 1000;
5 16 B 9 11;
94 <<B9>> -9750 11750 320 1275 1000;
5 16 R 9 11;
94 <<R9>> -3500 11750 320 1275 1000;
5 16 B 10 11;
94 <<B10>> 6250 11750 320 1650 1000;
5 16 R 10 11;
94 <<R10>> 12500 11750 320 1650 1000;
5 16 B 11 11;
94 <<B11>> 32250 11750 320 1425 1000;
5 16 R 11 11;
94 <<R11>> 38500 11750 320 1425 1000;
5 16 L 26 11;
94 <<L26>> -34250 1750 320 1875 1000;
5 16 L 27 11;
94 <<L27>> -28250 1750 320 1875 1000;
5 16 L 28 11;
94 <<L28>> -8250 1750 320 1875 1000;
5 16 L 29 11;
94 <<L29>> -2250 1750 320 1875 1000;
5 16 L 30 11;
94 <<L30>> 7750 1750 320 1875 1000;
5 16 L 31 11;
94 <<L31>> 13750 1750 320 1650 1000;
5 16 L 32 11;
94 <<L32>> 39750 1750 320 1875 1000;
5 16 L 33 11;
94 <<L33>> 39750 -8250 320 1875 1000;
5 16 L 34 11;
94 <<L34>> -89750 -37250 0 1875 1000;
5 16 L 35 11;
94 <<L35>> -73750 -37250 0 1875 1000;
5 16 L 36 11;
94 <<L36>> -63750 -37250 0 1875 1000;
5 16 L 37 11;
94 <<L37>> -47750 -37250 0 1875 1000;
5 16 L 38 11;
94 <<L38>> 26250 -37250 0 1875 1000;
5 16 L 39 11;
94 <<L39>> 42250 -37250 0 1875 1000;
5 16 R 12 11;
94 <<R15>> 52250 -37750 0 1650 1000;
5 16 B 12 11;
94 <<B12>> -81750 -40250 320 1650 1000;
5 16 R 13 11;
94 <<R12>> -75500 -40250 320 1650 1000;
5 16 B 13 11;
94 <<B13>> -55750 -40250 320 1650 1000;
5 16 R 14 11;
94 <<R13>> -49500 -40250 320 1650 1000;
5 16 B 14 11;
94 <<B14>> 34250 -40250 320 1650 1000;
5 16 R 15 11;
94 <<R14>> 40500 -40250 320 1650 1000;
5 16 L 40 11;
94 <<L40>> -80250 -50250 320 1875 1000;
5 16 L 41 11;
94 <<L41>> -74250 -50250 320 1650 1000;
5 16 L 42 11;
94 <<L42>> -54250 -50250 320 1875 1000;
5 16 L 43 11;
94 <<L43>> -48250 -50250 320 1875 1000;
5 16 L 44 11;
94 <<L44>> 35750 -50250 320 1875 1000;
5 16 L 45 11;
94 <<L45>> 41750 -50250 320 1875 1000;
L MODL;
5 16 B 0 1;
94 <<jjmit>> -63250 76750 256 2550 1000;
5 16 B 1 1;
94 <<jjmit>> -17250 76750 256 2550 1000;
5 16 B 2 1;
94 <<jjmit>> 20750 76750 256 2550 1000;
5 16 B 3 1;
94 <<jjmit>> 61750 76750 256 2550 1000;
5 16 B 4 1;
94 <<jjmit>> 51750 43750 256 2550 1000;
5 16 B 5 1;
94 <<jjmit>> 77750 43750 256 2550 1000;
5 16 B 6 1;
94 <<jjmit>> 23750 36250 320 2550 1000;
5 16 B 7 1;
94 <<jjmit>> 41750 22750 256 2550 1000;
5 16 B 8 1;
94 <<jjmit>> -32250 12750 256 2550 1000;
5 16 B 9 1;
94 <<jjmit>> -6250 12750 256 2550 1000;
5 16 B 10 1;
94 <<jjmit>> 9750 12750 256 2550 1000;
5 16 B 11 1;
94 <<jjmit>> 35750 12750 256 2550 1000;
5 16 B 12 1;
94 <<jjmit>> -78250 -39250 256 2550 1000;
5 16 B 13 1;
94 <<jjmit>> -52250 -39250 256 2550 1000;
5 16 B 14 1;
94 <<jjmit>> 37750 -39250 256 2550 1000;
L VALU;
5 16 L 0 2;
94 <<400p>> -63250 86750 33024 2475 1000;
5 16 L 1 2;
94 <<400p>> -17250 86750 33024 2475 1000;
5 16 L 2 2;
94 <<400p>> 20750 86750 33024 2475 1000;
5 16 L 3 2;
94 <<400p>> 61750 86750 33024 2475 1000;
5 16 R 0 2;
94 <<R0>> -57750 76750 33024 1275 1000;
5 16 R 1 2;
94 <<R1>> -11750 76750 33024 1050 1000;
5 16 R 2 2;
94 <<R2>> 26250 76750 33024 1275 1000;
5 16 R 3 2;
94 <<R3>> 67250 76750 33024 1275 1000;
5 16 L 4 2;
94 <<1p>> -57250 66750 33024 1050 1000;
5 16 L 5 2;
94 <<1p>> -11250 66750 33024 1050 1000;
5 16 L 6 2;
94 <<1p>> 26750 66750 33024 1050 1000;
5 16 L 7 2;
94 <<1p>> 67750 66750 33024 1050 1000;
5 16 L 8 2;
94 <<1p>> 33750 43750 33088 1050 1000;
5 16 L 9 2;
94 <<0.239p>> 49750 43750 33088 3300 1000;
5 16 R 5 2;
94 <<R4>> 57250 43750 33024 1275 1000;
5 16 L 10 2;
94 <<5.53p>> 65750 43750 33088 2700 1000;
5 16 L 11 2;
94 <<1p>> 75750 43750 33088 1050 1000;
5 16 R 6 2;
94 <<R5>> 83250 43750 33024 1275 1000;
5 16 L 12 2;
94 <<1.846p>> 91750 43750 33088 3075 1000;
5 16 L 13 2;
94 <<0.734p>> 41750 42750 33024 3300 1000;
5 16 R 4 2;
94 <<R6>> 23750 42500 33088 1275 1000;
5 16 L 14 2;
94 <<0.27p>> 51750 33750 33024 2700 1000;
5 16 L 15 2;
94 <<1p>> 57750 33750 33024 1050 1000;
5 16 L 16 2;
94 <<0.12p>> 77750 33750 33024 2475 1000;
5 16 L 17 2;
94 <<1p>> 83750 33750 33024 1050 1000;
5 16 L 18 2;
94 <<1p>> 34250 32750 33024 1050 1000;
5 16 L 19 2;
94 <<3p>> 8250 22750 33024 1275 1000;
5 16 R 7 2;
94 <<R7>> 35500 22750 33024 1275 1000;
5 16 L 20 2;
94 <<1.53p>> -34250 12750 33088 2475 1000;
5 16 R 8 2;
94 <<R8>> -26750 12750 33024 1275 1000;
5 16 L 21 2;
94 <<1.01p>> -18250 12750 33088 2250 1000;
5 16 L 22 2;
94 <<3p>> -8250 12750 33088 1275 1000;
5 16 R 9 2;
94 <<R9>> -750 12750 33024 1275 1000;
5 16 L 23 2;
94 <<3.6p>> 7750 12750 33088 2100 1000;
5 16 R 10 2;
94 <<R10>> 15250 12750 33024 1650 1000;
5 16 L 24 2;
94 <<8.3p>> 23750 12750 33088 2100 1000;
5 16 L 25 2;
94 <<0.4p>> 33750 12750 33088 2100 1000;
5 16 R 11 2;
94 <<R11>> 41250 12750 33024 1425 1000;
5 16 L 26 2;
94 <<0.328p>> -32250 2750 33024 3300 1000;
5 16 L 27 2;
94 <<1p>> -26250 2750 33024 1050 1000;
5 16 L 28 2;
94 <<0.234p>> -6250 2750 33024 3300 1000;
5 16 L 29 2;
94 <<1p>> -250 2750 33024 1050 1000;
5 16 L 30 2;
94 <<0.567p>> 9750 2750 33024 3300 1000;
5 16 L 31 2;
94 <<1p>> 15750 2750 33024 1050 1000;
5 16 L 32 2;
94 <<1p>> 41750 2750 33024 1050 1000;
5 16 L 33 2;
94 <<1.186p>> 41750 -7250 33024 2850 1000;
5 16 L 34 2;
94 <<2.577p>> -80250 -39250 33088 3300 1000;
5 16 R 13 2;
94 <<R12>> -72750 -39250 33024 1650 1000;
5 16 L 35 2;
94 <<1p>> -64250 -39250 33088 1050 1000;
5 16 L 36 2;
94 <<2.583p>> -54250 -39250 33088 3300 1000;
5 16 R 14 2;
94 <<R13>> -46750 -39250 33024 1650 1000;
5 16 L 37 2;
94 <<2.95p>> -38250 -39250 33088 2700 1000;
5 16 L 38 2;
94 <<0.359p>> 35750 -39250 33088 3300 1000;
5 16 R 15 2;
94 <<R14>> 43250 -39250 33024 1650 1000;
5 16 L 39 2;
94 <<2.571p>> 51750 -39250 33088 3075 1000;
5 16 R 12 2;
94 <<3.54>> 61750 -40500 33088 2100 1000;
5 16 L 40 2;
94 <<0.109p>> -78250 -49250 33024 3075 1000;
5 16 L 41 2;
94 <<1p>> -72250 -49250 33024 1050 1000;
5 16 L 42 2;
94 <<0.133p>> -52250 -49250 33024 3075 1000;
5 16 L 43 2;
94 <<1p>> -46250 -49250 33024 1050 1000;
5 16 L 44 2;
94 <<0.239p>> 37750 -49250 33024 3300 1000;
5 16 L 45 2;
94 <<1p>> 43750 -49250 33024 1050 1000;
L PARM;
5 16 B 0 3;
94 <<area=B0>> -63250 67250 32768 4200 1000;
5 16 B 1 3;
94 <<area=B1>> -17250 67250 32768 3975 1000;
5 16 B 2 3;
94 <<area=B2>> 20750 67250 32768 4200 1000;
5 16 B 3 3;
94 <<area=B3>> 61750 67250 32768 4200 1000;
5 16 B 6 3;
94 <<area=B6>> 14250 35250 33024 4200 1000;
5 16 B 4 3;
94 <<area=B4>> 51750 34250 32768 4200 1000;
5 16 B 5 3;
94 <<area=B5>> 77750 34250 32768 4200 1000;
5 16 B 7 3;
94 <<area=B7>> 41750 13250 32768 4200 1000;
5 16 B 8 3;
94 <<area=B8>> -32250 3250 32768 4200 1000;
5 16 B 9 3;
94 <<area=B9>> -6250 3250 32768 4200 1000;
5 16 B 10 3;
94 <<area=B10>> 9750 3250 32768 4575 1000;
5 16 B 11 3;
94 <<area=B11>> 35750 3250 32768 4350 1000;
5 16 B 12 3;
94 <<area=B12>> -78250 -48750 32768 4575 1000;
5 16 B 13 3;
94 <<area=B13>> -52250 -48750 32768 4575 1000;
5 16 B 14 3;
94 <<area=B14>> 37750 -48750 32768 4575 1000;
L SPTX;
94 <<.include ERSFQ_NOT_models.inc>> -95000 93000 0 15525 1000;
94 <<.param Bc0=1>> -95000 92000 0 6600 1000;
94 <<.param Ic0=0.0001>> -95000 91000 0 8925 1000;
94 <<.param IcRs=100u*6.859904418>> -95000 90000 0 15300 1000;
94 <<.param B0Rs=IcRs/Ic0*Bc0>> -95000 89000 0 13425 1000;
94 <<.param B0=2.1, B1=2.3, B2=1.25, B3=1.1, B4=1.3, B5=1.159375, B6=1.5, B7=1.1, B8=2, B9=1.21, B10=1.05, B11=1.35, B12=2.16, B13=1.634883, B14=1.534914>> -95000 88000 0 72300 1000;
94 <<.param R0=B0Rs/B0, R1=B0Rs/B1, R2=B0Rs/B2, R3=B0Rs/B3, R4=B0Rs/B4, R5=B0Rs/B5, R6=B0Rs/B6, R7=B0Rs/B7, R8=B0Rs/B8, R9=B0Rs/B9, R10=B0Rs/B10, R11=B0Rs/B11, R12=B0Rs/B12, R13=B0Rs/B13, R14=B0Rs/B14>> -95000 87000 0 108225 1000;
DF;
E
* Generated by Xic from cell ERSFQ_NOT
.tran 0.5p 1000p 0 0.25p UIC
.include ERSFQ_NOT_models.inc
.param Bc0=1
.param Ic0=0.0001
.param IcRs=100u*6.859904418
.param B0Rs=IcRs/Ic0*Bc0
.param B0=2.1, B1=2.3, B2=1.25, B3=1.1, B4=1.3, B5=1.159375, B6=1.5, B7=1.1, B8=2, B9=1.21, B10=1.05, B11=1.35, B12=2.16, B13=1.634883, B14=1.534914
.param R0=B0Rs/B0, R1=B0Rs/B1, R2=B0Rs/B2, R3=B0Rs/B3, R4=B0Rs/B4, R5=B0Rs/B5, R6=B0Rs/B6, R7=B0Rs/B7, R8=B0Rs/B8, R9=B0Rs/B9, R10=B0Rs/B10, R11=B0Rs/B11, R12=B0Rs/B12, R13=B0Rs/B13, R14=B0Rs/B14
B0 8 12 54 jjmit area=B0
B1 9 13 55 jjmit area=B1
B2 10 14 56 jjmit area=B2
B3 11 15 57 jjmit area=B3
B4 18 35 58 jjmit area=B4
B5 19 37 59 jjmit area=B5
B6 16 17 60 jjmit area=B6
B7 24 20 61 jjmit area=B7
B8 21 40 62 jjmit area=B8
B9 22 42 63 jjmit area=B9
B10 23 44 64 jjmit area=B10
B11 24 25 65 jjmit area=B11
B12 27 48 66 jjmit area=B12
B13 28 50 67 jjmit area=B13
B14 29 52 68 jjmit area=B14
L0 BIAS1 8 400p
L1 BIAS2 9 400p
L2 BIAS3 10 400p
L3 BIAS4 11 400p
L4 30 12 1p
L5 31 13 1p
L6 32 14 1p
L7 33 15 1p
L8 34 17 1p
L9 17 18 0.239p
L10 18 15 5.53p
L11 15 19 1p
L12 19 OUT 1.846p
L13 17 20 0.734p
L14 35 0 0.27p
L15 36 0 1p
L16 37 0 0.12p
L17 38 0 1p
L18 39 20 1p
L19 23 16 3p
L20 CLK 21 1.53p
L21 21 13 1.01p
L22 13 22 3p
L23 22 23 3.6p
L24 23 14 8.3p
L25 14 24 0.4p
L26 40 0 0.328p
L27 41 0 1p
L28 42 0 0.234p
L29 43 0 1p
L30 44 0 0.567p
L31 45 0 1p
L32 46 25 1p
L33 25 26 1.186p
L34 IN 27 2.577p
L35 27 12 1p
L36 12 28 2.583p
L37 28 26 2.95p
L38 26 29 0.359p
L39 29 47 2.571p
L40 48 0 0.109p
L41 49 0 1p
L42 50 0 0.133p
L43 51 0 1p
L44 52 0 0.239p
L45 53 0 1p
R0 8 30 R0
R1 9 31 R1
R2 10 32 R2
R3 11 33 R3
R4 18 36 R4
R5 19 38 R5
R6 16 34 R6
R7 24 39 R7
R8 21 41 R8
R9 22 43 R9
R10 23 45 R10
R11 24 46 R11
R12 27 49 R12
R13 28 51 R13
R14 29 53 R14
R15 47 0 3.54
.model jjmit jj(rtype=1, vg=2.8mV, cap=0.07pF, r0=160, rn=16, icrit=0.1mA)

* YBCO
