(Symbol ERSFQ_FULL_ADDER);
($Id:$);
(PHYSICAL);
(RESOLUTION 1000);
9 ERSFQ_FULL_ADDER;
DS 0 1 1;
DF;
E
(ELECTRICAL);
(RESOLUTION 1000);
5 7102 (||2:-1714000 -9000||) (||2:-1439000 -242000||) (||2:-477000 477000||) (||2:183000 -1571000||) (||2:1836000 -20000||) (||2:1550000 -659000||);
5 7101 tran 1p 6000p 2000p 0.5p UIC;
5 11 X 0 subckt;
9 ERSFQ_FULL_ADDER;
DS 0 1 1;
(SymbolCall ERSFQ_AND2);
5 10 54 10 800000 -235000 X41BIAS7;
5 10 53 9 732000 -235000 X41BIAS6;
5 10 52 8 706000 -235000 X41BIAS5;
5 10 51 7 664000 -235000 X41BIAS4;
5 10 85 6 639000 -235000 X41BIAS3;
5 10 49 5 599000 -235000 X41BIAS2;
5 10 48 4 573000 -235000 X41BIAS1;
5 10 132 3 833000 -301000 X41OUT;
5 10 92 2 526000 -302000 X41INCLK;
5 10 84 1 526000 -334000 X41IN2;
5 10 10 0 526000 -272000 X41IN1;
5 11 X 41 subckt;
1 Bound 526000 -356600 833000 -235000;
9 ERSFQ_AND2;
C 0 T 715000 -262000;
(SymbolCall ERSFQ_AND2);
5 10 47 10 404000 -573000 X48BIAS7;
5 10 46 9 336000 -573000 X48BIAS6;
5 10 45 8 310000 -573000 X48BIAS5;
5 10 44 7 268000 -573000 X48BIAS4;
5 10 41 6 243000 -573000 X48BIAS3;
5 10 43 5 203000 -573000 X48BIAS2;
5 10 42 4 177000 -573000 X48BIAS1;
5 10 135 3 437000 -639000 X48OUT;
5 10 98 2 130000 -640000 X48INCLK;
5 10 95 1 130000 -672000 X48IN2;
5 10 89 0 130000 -610000 X48IN1;
5 11 X 48 subckt;
1 Bound 130000 -694600 437000 -573000;
9 ERSFQ_AND2;
C 0 T 319000 -600000;
(SymbolCall ERSFQ_DFF);
5 10 4 6 -309000 551000 X0BIAS4;
5 10 3 5 -337000 551000 X0BIAS3;
5 10 2 4 -391000 551000 X0BIAS2;
5 10 116 3 -261000 476000 X0OUT;
5 10 1 2 -437000 551000 X0BIAS1;
5 10 5 1 -467000 512000 X0ICLK;
5 10 117 0 -468000 476000 X0IIN;
5 11 X 0 subckt;
1 Bound -468000 453400 -261000 551000;
9 ERSFQ_DFF;
C 0 T -345000 527000;
(SymbolCall ERSFQ_DFF);
5 10 68 6 1725000 56000 X24BIAS4;
5 10 67 5 1697000 56000 X24BIAS3;
5 10 66 4 1643000 56000 X24BIAS2;
5 10 124 3 1773000 -19000 X24OUT;
5 10 65 2 1597000 56000 X24BIAS1;
5 10 74 1 1567000 17000 X24ICLK;
5 10 79 0 1566000 -19000 X24IIN;
5 11 X 24 subckt;
1 Bound 1566000 -41600 1773000 56000;
9 ERSFQ_DFF;
C 0 T 1689000 32000;
(SymbolCall ERSFQ_DFF);
5 10 33 6 -613000 -201000 X36BIAS4;
5 10 32 5 -641000 -201000 X36BIAS3;
5 10 31 4 -695000 -201000 X36BIAS2;
5 10 128 3 -565000 -276000 X36OUT;
5 10 30 2 -741000 -201000 X36BIAS1;
5 10 86 1 -771000 -240000 X36ICLK;
5 10 83 0 -772000 -276000 X36IIN;
5 11 X 36 subckt;
1 Bound -772000 -298600 -565000 -201000;
9 ERSFQ_DFF;
C 0 T -649000 -225000;
(SymbolCall ERSFQ_DFF);
5 10 29 6 -918000 -456000 X45BIAS4;
5 10 28 5 -946000 -456000 X45BIAS3;
5 10 93 4 -1000000 -456000 X45BIAS2;
5 10 133 3 -870000 -531000 X45OUT;
5 10 26 2 -1046000 -456000 X45BIAS1;
5 10 94 1 -1076000 -495000 X45ICLK;
5 10 90 0 -1077000 -531000 X45IIN;
5 11 X 45 subckt;
1 Bound -1077000 -553600 -870000 -456000;
9 ERSFQ_DFF;
C 0 T -954000 -480000;
(SymbolCall ERSFQ_OR2);
5 10 64 7 1432000 -553000 X47BIAS4;
5 10 63 6 1386000 -553000 X47BIAS3;
5 10 62 5 1350000 -553000 X47BIAS2;
5 10 61 4 1319000 -553000 X47BIAS1;
5 10 134 3 1487000 -658000 X47OUT;
5 10 96 2 1292000 -601000 X47INCLK;
5 10 91 1 1292000 -634000 X47IN2;
5 10 97 0 1292000 -668000 X47IN1;
5 11 X 47 subckt;
1 Bound 1292000 -690600 1487000 -553000;
9 ERSFQ_OR2;
C 0 T 1340000 -643000;
(SymbolCall ERSFQ_SPLIT);
5 10 9 3 -129000 464000 X2OUT2;
5 10 118 2 -129000 495000 X2OUT1;
5 10 6 1 -173000 512000 X2BIAS1;
5 10 8 0 -199000 476000 X2IIN;
5 11 X 2 subckt;
1 Bound -199000 441400 -129000 512000;
9 ERSFQ_SPLIT;
C 0 T -164000 466000;
(SymbolCall ERSFQ_SPLIT);
5 10 81 3 -1501000 -22000 X27OUT2;
5 10 125 2 -1501000 9000 X27OUT1;
5 10 22 1 -1545000 26000 X27BIAS1;
5 10 76 0 -1571000 -10000 X27IIN;
5 11 X 27 subckt;
1 Bound -1571000 -44600 -1501000 26000;
9 ERSFQ_SPLIT;
C 0 T -1536000 -20000;
(SymbolCall ERSFQ_SPLIT);
5 10 82 3 -69000 -27000 X28OUT2;
5 10 72 2 -69000 4000 X28OUT1;
5 10 39 1 -113000 21000 X28BIAS1;
5 10 77 0 -139000 -15000 X28IIN;
5 11 X 28 subckt;
1 Bound -139000 -49600 -69000 21000;
9 ERSFQ_SPLIT;
C 0 T -104000 -25000;
(SymbolCall ERSFQ_SPLIT);
5 10 88 3 -1226000 -255000 X38OUT2;
5 10 129 2 -1226000 -224000 X38OUT1;
5 10 23 1 -1270000 -207000 X38BIAS1;
5 10 87 0 -1296000 -243000 X38IIN;
5 11 X 38 subckt;
1 Bound -1296000 -277600 -1226000 -207000;
9 ERSFQ_SPLIT;
C 0 T -1261000 -253000;
(SymbolCall ERSFQ_XOR);
5 10 38 9 -231000 93000 X22BIAS6;
5 10 148 8 -279000 93000 X22BIAS5;
5 10 40 7 -326000 93000 X22BIAS4;
5 10 36 6 -374000 93000 X22BIAS3;
5 10 35 5 -412000 93000 X22BIAS2;
5 10 34 4 -451000 93000 X22BIAS1;
5 10 122 3 -201000 -15000 X22OUT;
5 10 70 2 -476000 40000 X22INCLK;
5 10 71 1 -476000 24000 X22IN2;
5 10 78 0 -476000 -16000 X22IN1;
5 11 X 22 subckt;
1 Bound -476000 -38600 -201000 93000;
9 ERSFQ_XOR;
C 0 T -315000 32000;
(SymbolCall ERSFQ_XOR);
5 10 60 9 1160000 64000 X23BIAS6;
5 10 59 8 1112000 64000 X23BIAS5;
5 10 58 7 1065000 64000 X23BIAS4;
5 10 57 6 1017000 64000 X23BIAS3;
5 10 56 5 979000 64000 X23BIAS2;
5 10 55 4 940000 64000 X23BIAS1;
5 10 123 3 1190000 -44000 X23OUT;
5 10 75 2 915000 11000 X23INCLK;
5 10 7 1 915000 -5000 X23IN2;
5 10 73 0 915000 -45000 X23IN1;
5 11 X 23 subckt;
1 Bound 915000 -67600 1190000 64000;
9 ERSFQ_XOR;
C 0 T 1076000 3000;
(SymbolCall MITLL_DCSFQ);
5 10 119 0 -602000 476000 X3IN;
5 10 120 1 -520000 476000 X3OUT;
5 11 X 3 subckt;
1 Bound -602000 453400 -520000 497000;
9 MITLL_DCSFQ;
C 0 T -535000 477000;
(SymbolCall MITLL_DCSFQ);
5 10 126 1 -1633000 -10000 X29OUT;
5 10 127 0 -1715000 -10000 X29IN;
5 11 X 29 subckt;
1 Bound -1715000 -32600 -1633000 11000;
9 MITLL_DCSFQ;
C 0 T -1648000 -9000;
(SymbolCall MITLL_DCSFQ);
5 10 130 1 -1358000 -243000 X39OUT;
5 10 131 0 -1440000 -243000 X39IN;
5 11 X 39 subckt;
1 Bound -1440000 -265600 -1358000 -222000;
9 MITLL_DCSFQ;
C 0 T -1373000 -242000;
(SymbolCall MITLL_DCSFQ);
5 10 144 0 184000 -1572000 X75IN;
5 10 143 1 184000 -1490000 X75OUT;
5 11 X 75 subckt;
1 Bound 163000 -1572000 206600 -1490000;
( Rotate 90 );
9 MITLL_DCSFQ;
C 0 R 0 1 T 183000 -1505000;
(SymbolCall MITLL_JTL);
5 11 X 1 subckt;
5 10 7 1 -77000 495000 X1OUT;
5 10 118 0 -129000 495000 X1IN;
1 Bound -129000 472400 -77000 516000;
9 MITLL_JTL;
C 0 T -99000 488000;
(SymbolCall MITLL_JTL);
5 10 120 0 -520000 476000 X4IN;
5 10 117 1 -468000 476000 X4OUT;
5 11 X 4 subckt;
1 Bound -520000 453400 -468000 497000;
9 MITLL_JTL;
C 0 T -490000 469000;
(SymbolCall MITLL_JTL);
5 11 X 5 subckt;
5 10 8 1 -209000 476000 X5OUT;
5 10 116 0 -261000 476000 X5IN;
1 Bound -261000 453400 -209000 497000;
9 MITLL_JTL;
C 0 T -231000 469000;
(SymbolCall MITLL_JTL);
5 11 X 6 subckt;
5 10 10 1 -15000 442000 X6OUT;
5 10 9 0 -67000 442000 X6IN;
1 Bound -67000 419400 -15000 463000;
9 MITLL_JTL;
C 0 T -37000 435000;
(SymbolCall MITLL_JTL);
5 11 X 25 subckt;
5 10 73 1 31000 19000 X25OUT;
5 10 72 0 -21000 19000 X25IN;
1 Bound -21000 -3600 31000 40000;
9 MITLL_JTL;
C 0 T 9000 12000;
(SymbolCall MITLL_JTL);
5 11 X 26 subckt;
5 10 71 1 -1449000 9000 X26OUT;
5 10 125 0 -1501000 9000 X26IN;
1 Bound -1501000 -13600 -1449000 30000;
9 MITLL_JTL;
C 0 T -1471000 2000;
(SymbolCall MITLL_JTL);
5 11 X 30 subckt;
5 10 76 1 -1581000 -10000 X30OUT;
5 10 126 0 -1633000 -10000 X30IN;
1 Bound -1633000 -32600 -1581000 11000;
9 MITLL_JTL;
C 0 T -1603000 -17000;
(SymbolCall MITLL_JTL);
5 11 X 31 subckt;
5 10 77 1 -149000 -15000 X31OUT;
5 10 122 0 -201000 -15000 X31IN;
1 Bound -201000 -37600 -149000 6000;
9 MITLL_JTL;
C 0 T -171000 -22000;
(SymbolCall MITLL_JTL);
5 11 X 32 subckt;
5 10 80 1 1825000 -19000 X32OUT;
5 10 124 0 1773000 -19000 X32IN;
1 Bound 1773000 -41600 1825000 2000;
9 MITLL_JTL;
C 0 T 1803000 -26000;
(SymbolCall MITLL_JTL);
5 11 X 33 subckt;
5 10 83 1 -1387000 -44000 X33OUT;
5 10 81 0 -1439000 -44000 X33IN;
1 Bound -1439000 -66600 -1387000 -23000;
9 MITLL_JTL;
C 0 T -1409000 -51000;
(SymbolCall MITLL_JTL);
5 11 X 34 subckt;
5 10 79 1 1242000 -44000 X34OUT;
5 10 123 0 1190000 -44000 X34IN;
1 Bound 1190000 -66600 1242000 -23000;
9 MITLL_JTL;
C 0 T 1220000 -51000;
(SymbolCall MITLL_JTL);
5 10 82 0 -61000 -48000 X35IN;
5 10 84 1 -9000 -48000 X35OUT;
5 11 X 35 subckt;
1 Bound -61000 -70600 -9000 -27000;
9 MITLL_JTL;
C 0 T -31000 -55000;
(SymbolCall MITLL_JTL);
5 11 X 37 subckt;
5 10 78 1 -1174000 -224000 X37OUT;
5 10 129 0 -1226000 -224000 X37IN;
1 Bound -1226000 -246600 -1174000 -203000;
9 MITLL_JTL;
C 0 T -1196000 -231000;
(SymbolCall MITLL_JTL);
5 11 X 40 subckt;
5 10 87 1 -1306000 -243000 X40OUT;
5 10 130 0 -1358000 -243000 X40IN;
1 Bound -1358000 -265600 -1306000 -222000;
9 MITLL_JTL;
C 0 T -1328000 -250000;
(SymbolCall MITLL_JTL);
5 11 X 42 subckt;
5 10 89 1 -513000 -276000 X42OUT;
5 10 128 0 -565000 -276000 X42IN;
1 Bound -565000 -298600 -513000 -255000;
9 MITLL_JTL;
C 0 T -535000 -283000;
(SymbolCall MITLL_JTL);
5 11 X 43 subckt;
5 10 90 1 -1112000 -277000 X43OUT;
5 10 88 0 -1164000 -277000 X43IN;
1 Bound -1164000 -299600 -1112000 -256000;
9 MITLL_JTL;
C 0 T -1134000 -284000;
(SymbolCall MITLL_JTL);
5 11 X 44 subckt;
5 10 91 1 885000 -301000 X44OUT;
5 10 132 0 833000 -301000 X44IN;
1 Bound 833000 -323600 885000 -280000;
9 MITLL_JTL;
C 0 T 863000 -308000;
(SymbolCall MITLL_JTL);
5 11 X 46 subckt;
5 10 95 1 -818000 -531000 X46OUT;
5 10 133 0 -870000 -531000 X46IN;
1 Bound -870000 -553600 -818000 -510000;
9 MITLL_JTL;
C 0 T -840000 -538000;
(SymbolCall MITLL_JTL);
5 11 X 49 subckt;
5 10 97 1 489000 -639000 X49OUT;
5 10 135 0 437000 -639000 X49IN;
1 Bound 437000 -661600 489000 -618000;
9 MITLL_JTL;
C 0 T 467000 -646000;
(SymbolCall MITLL_JTL);
5 11 X 50 subckt;
5 10 99 1 1539000 -658000 X50OUT;
5 10 134 0 1487000 -658000 X50IN;
1 Bound 1487000 -680600 1539000 -637000;
9 MITLL_JTL;
C 0 T 1517000 -665000;
(SymbolCall MITLL_JTL);
5 10 101 1 -85000 -971000 X53OUT;
5 10 102 0 -85000 -1023000 X53IN;
5 11 X 53 subckt;
1 Bound -106000 -1023000 -62400 -971000;
( Rotate 90 );
9 MITLL_JTL;
C 0 R 0 1 T -78000 -993000;
(SymbolCall MITLL_JTL);
5 10 100 1 -22000 -971000 X54OUT;
5 10 103 0 -22000 -1023000 X54IN;
5 11 X 54 subckt;
1 Bound -43000 -1023000 600 -971000;
( Rotate 90 );
9 MITLL_JTL;
C 0 R 0 1 T -15000 -993000;
(SymbolCall MITLL_JTL);
5 10 70 1 76000 -971000 X55OUT;
5 10 104 0 76000 -1023000 X55IN;
5 11 X 55 subckt;
1 Bound 55000 -1023000 98600 -971000;
( Rotate 90 );
9 MITLL_JTL;
C 0 R 0 1 T 83000 -993000;
(SymbolCall MITLL_JTL);
5 10 98 1 127000 -971000 X56OUT;
5 10 105 0 127000 -1023000 X56IN;
5 11 X 56 subckt;
1 Bound 106000 -1023000 149600 -971000;
( Rotate 90 );
9 MITLL_JTL;
C 0 R 0 1 T 134000 -993000;
(SymbolCall MITLL_JTL);
5 10 92 1 209000 -972000 X57OUT;
5 10 106 0 209000 -1024000 X57IN;
5 11 X 57 subckt;
1 Bound 188000 -1024000 231600 -972000;
( Rotate 90 );
9 MITLL_JTL;
C 0 R 0 1 T 216000 -994000;
(SymbolCall MITLL_JTL);
5 10 75 1 256000 -972000 X58OUT;
5 10 107 0 256000 -1024000 X58IN;
5 11 X 58 subckt;
1 Bound 235000 -1024000 278600 -972000;
( Rotate 90 );
9 MITLL_JTL;
C 0 R 0 1 T 263000 -994000;
(SymbolCall MITLL_JTL);
5 10 96 1 330000 -972000 X59OUT;
5 10 108 0 330000 -1024000 X59IN;
5 11 X 59 subckt;
1 Bound 309000 -1024000 352600 -972000;
( Rotate 90 );
9 MITLL_JTL;
C 0 R 0 1 T 337000 -994000;
(SymbolCall MITLL_JTL);
5 10 74 1 379000 -972000 X60OUT;
5 10 109 0 379000 -1024000 X60IN;
5 11 X 60 subckt;
1 Bound 358000 -1024000 401600 -972000;
( Rotate 90 );
9 MITLL_JTL;
C 0 R 0 1 T 386000 -994000;
(SymbolCall MITLL_JTL);
5 10 136 1 -34000 -1112000 X65OUT;
5 10 110 0 -34000 -1164000 X65IN;
5 11 X 65 subckt;
1 Bound -55000 -1164000 -11400 -1112000;
( Rotate 90 );
9 MITLL_JTL;
C 0 R 0 1 T -27000 -1134000;
(SymbolCall MITLL_JTL);
5 10 137 1 105000 -1115000 X66OUT;
5 10 111 0 105000 -1167000 X66IN;
5 11 X 66 subckt;
1 Bound 84000 -1167000 127600 -1115000;
( Rotate 90 );
9 MITLL_JTL;
C 0 R 0 1 T 112000 -1137000;
(SymbolCall MITLL_JTL);
5 10 138 1 233000 -1115000 X67OUT;
5 10 112 0 233000 -1167000 X67IN;
5 11 X 67 subckt;
1 Bound 212000 -1167000 255600 -1115000;
( Rotate 90 );
9 MITLL_JTL;
C 0 R 0 1 T 240000 -1137000;
(SymbolCall MITLL_JTL);
5 10 139 1 363000 -1118000 X68OUT;
5 10 113 0 363000 -1170000 X68IN;
5 11 X 68 subckt;
1 Bound 342000 -1170000 385600 -1118000;
( Rotate 90 );
9 MITLL_JTL;
C 0 R 0 1 T 370000 -1140000;
(SymbolCall MITLL_JTL);
5 10 140 1 108000 -1282000 X71OUT;
5 10 114 0 108000 -1334000 X71IN;
5 11 X 71 subckt;
1 Bound 87000 -1334000 130600 -1282000;
( Rotate 90 );
9 MITLL_JTL;
C 0 R 0 1 T 115000 -1304000;
(SymbolCall MITLL_JTL);
5 10 141 1 264000 -1285000 X72OUT;
5 10 115 0 264000 -1337000 X72IN;
5 11 X 72 subckt;
1 Bound 243000 -1337000 286600 -1285000;
( Rotate 90 );
9 MITLL_JTL;
C 0 R 0 1 T 271000 -1307000;
(SymbolCall MITLL_JTL);
5 10 143 0 184000 -1490000 X74IN;
5 10 142 1 184000 -1438000 X74OUT;
5 11 X 74 subckt;
1 Bound 163000 -1490000 206600 -1438000;
( Rotate 90 );
9 MITLL_JTL;
C 0 R 0 1 T 191000 -1460000;
(SymbolCall MITLL_SPLIT);
5 11 X 51 subckt;
5 10 86 2 -223000 -872000 X51OUT2;
5 10 94 1 -223000 -903000 X51OUT1;
5 10 100 0 -153000 -884000 X51IIN;
1 Bound -223000 -905000 -153000 -849400;
( Rotate 180 );
9 MITLL_SPLIT;
C 0 R -1 0 T -188000 -874000;
(SymbolCall MITLL_SPLIT);
5 11 X 52 subckt;
5 10 11 2 -223000 -945000 X52OUT2;
5 10 5 1 -223000 -976000 X52OUT1;
5 10 101 0 -153000 -957000 X52IIN;
1 Bound -223000 -978000 -153000 -922400;
( Rotate 180 );
9 MITLL_SPLIT;
C 0 R -1 0 T -188000 -947000;
(SymbolCall MITLL_SPLIT);
5 10 103 2 -22000 -1042000 X61OUT2;
5 10 102 1 -53000 -1042000 X61OUT1;
5 10 136 0 -34000 -1112000 X61IIN;
5 11 X 61 subckt;
1 Bound -55000 -1112000 600 -1042000;
( Rotate 90 );
9 MITLL_SPLIT;
C 0 R 0 1 T -24000 -1077000;
(SymbolCall MITLL_SPLIT);
5 10 105 2 117000 -1045000 X62OUT2;
5 10 104 1 86000 -1045000 X62OUT1;
5 10 137 0 105000 -1115000 X62IIN;
5 11 X 62 subckt;
1 Bound 84000 -1115000 139600 -1045000;
( Rotate 90 );
9 MITLL_SPLIT;
C 0 R 0 1 T 115000 -1080000;
(SymbolCall MITLL_SPLIT);
5 10 107 2 245000 -1045000 X63OUT2;
5 10 106 1 214000 -1045000 X63OUT1;
5 10 138 0 233000 -1115000 X63IIN;
5 11 X 63 subckt;
1 Bound 212000 -1115000 267600 -1045000;
( Rotate 90 );
9 MITLL_SPLIT;
C 0 R 0 1 T 243000 -1080000;
(SymbolCall MITLL_SPLIT);
5 10 109 2 375000 -1048000 X64OUT2;
5 10 108 1 344000 -1048000 X64OUT1;
5 10 139 0 363000 -1118000 X64IIN;
5 11 X 64 subckt;
1 Bound 342000 -1118000 397600 -1048000;
( Rotate 90 );
9 MITLL_SPLIT;
C 0 R 0 1 T 373000 -1083000;
(SymbolCall MITLL_SPLIT);
5 10 111 2 120000 -1212000 X69OUT2;
5 10 110 1 89000 -1212000 X69OUT1;
5 10 140 0 108000 -1282000 X69IIN;
5 11 X 69 subckt;
1 Bound 87000 -1282000 142600 -1212000;
( Rotate 90 );
9 MITLL_SPLIT;
C 0 R 0 1 T 118000 -1247000;
(SymbolCall MITLL_SPLIT);
5 10 113 2 276000 -1215000 X70OUT2;
5 10 112 1 245000 -1215000 X70OUT1;
5 10 141 0 264000 -1285000 X70IIN;
5 11 X 70 subckt;
1 Bound 243000 -1285000 298600 -1215000;
( Rotate 90 );
9 MITLL_SPLIT;
C 0 R 0 1 T 274000 -1250000;
(SymbolCall MITLL_SPLIT);
5 10 115 2 196000 -1368000 X73OUT2;
5 10 114 1 165000 -1368000 X73OUT1;
5 10 142 0 184000 -1438000 X73IIN;
5 11 X 73 subckt;
1 Bound 163000 -1438000 218600 -1368000;
( Rotate 90 );
9 MITLL_SPLIT;
C 0 R 0 1 T 194000 -1403000;
(SymbolCall feedingJTL);
5 11 X 8 subckt;
5 10 14 2 -550000 256000 X8CONNECT;
5 10 6 1 -565000 216000 X8BIAS;
5 10 13 0 -592000 256000 X8CLK;
1 Bound -592000 216000 -543825 278600;
9 feedingJTL;
C 0 T -544000 126000;
(SymbolCall feedingJTL);
5 11 X 9 subckt;
5 10 14 2 -550000 256000 X9CONNECT;
5 10 6 1 -565000 216000 X9BIAS;
5 10 13 0 -592000 256000 X9CLK;
1 Bound -592000 216000 -543825 278600;
9 feedingJTL;
C 0 T -544000 126000;
(SymbolCall feedingJTL);
5 11 X 14 subckt;
5 10 18 2 -130000 255000 X14CONNECT;
5 10 39 1 -145000 215000 X14BIAS;
5 10 17 0 -172000 255000 X14CLK;
1 Bound -172000 215000 -123825 277600;
9 feedingJTL;
C 0 T -124000 125000;
(SymbolCall feedingJTL);
5 10 121 2 139000 237000 X15CONNECT;
5 10 41 1 124000 197000 X15BIAS;
5 10 18 0 97000 237000 X15CLK;
5 11 X 15 subckt;
1 Bound 97000 197000 145175 259600;
9 feedingJTL;
C 0 T 145000 107000;
(SymbolCall feedingJTL);
5 10 21 2 872000 237000 X18CONNECT;
5 10 54 1 857000 197000 X18BIAS;
5 10 20 0 830000 237000 X18CLK;
5 11 X 18 subckt;
1 Bound 830000 197000 878175 259600;
9 feedingJTL;
C 0 T 878000 107000;
(SymbolCall feedingJTL2);
5 10 12 3 -1358000 275000 X7CONNECT;
5 10 23 2 -1373000 235000 X7BIAS2;
5 10 22 1 -1415000 235000 X7BIAS1;
5 10 11 0 -1442000 275000 X7CLK;
5 11 X 7 subckt;
1 Bound -1442000 235000 -1351825 297600;
9 feedingJTL2;
C 0 T -1396000 259000;
(SymbolCall feedingJTL4);
5 10 15 5 -1054000 255000 X10CONNECT;
5 10 29 4 -1069000 215000 X10BIAS4;
5 10 28 3 -1111000 215000 X10BIAS3;
5 10 27 2 -1153000 215000 X10BIAS2;
5 10 26 1 -1195000 215000 X10BIAS1;
5 10 12 0 -1222000 255000 X10CLK;
5 11 X 10 subckt;
1 Bound -1222000 215000 -1047825 277600;
9 feedingJTL4;
C 0 T -1072000 265000;
(SymbolCall feedingJTL4);
5 10 16 5 -844000 255000 X11CONNECT;
5 10 33 4 -859000 215000 X11BIAS4;
5 10 32 3 -901000 215000 X11BIAS3;
5 10 31 2 -943000 215000 X11BIAS2;
5 10 30 1 -985000 215000 X11BIAS1;
5 10 15 0 -1012000 255000 X11CLK;
5 11 X 11 subckt;
1 Bound -1012000 215000 -837825 277600;
9 feedingJTL4;
C 0 T -862000 265000;
(SymbolCall feedingJTL4);
5 10 13 5 -634000 255000 X12CONNECT;
5 10 4 4 -649000 215000 X12BIAS4;
5 10 3 3 -691000 215000 X12BIAS3;
5 10 2 2 -733000 215000 X12BIAS2;
5 10 1 1 -775000 215000 X12BIAS1;
5 10 16 0 -802000 255000 X12CLK;
5 11 X 12 subckt;
1 Bound -802000 215000 -627825 277600;
9 feedingJTL4;
C 0 T -652000 265000;
(SymbolCall feedingJTL4);
5 10 25 5 1496000 226000 X20CONNECT;
5 10 64 4 1481000 186000 X20BIAS4;
5 10 63 3 1439000 186000 X20BIAS3;
5 10 62 2 1397000 186000 X20BIAS2;
5 10 61 1 1355000 186000 X20BIAS1;
5 10 24 0 1328000 226000 X20CLK;
5 11 X 20 subckt;
1 Bound 1328000 186000 1502175 248600;
9 feedingJTL4;
C 0 T 1478000 236000;
(SymbolCall feedingJTL4);
5 10 147 5 1734000 222000 X21CONNECT;
5 10 68 4 1719000 182000 X21BIAS4;
5 10 67 3 1677000 182000 X21BIAS3;
5 10 66 2 1635000 182000 X21BIAS2;
5 10 65 1 1593000 182000 X21BIAS1;
5 10 25 0 1566000 222000 X21CLK;
5 11 X 21 subckt;
1 Bound 1566000 182000 1740175 244600;
9 feedingJTL4;
C 0 T 1716000 232000;
(SymbolCall feedingJTL6);
5 10 17 7 -214000 255000 X13CONNECT;
5 10 38 6 -229000 215000 X13BIAS6;
5 10 37 5 -271000 215000 X13BIAS5;
5 10 145 4 -313000 215000 X13BIAS4;
5 10 36 3 -355000 215000 X13BIAS3;
5 10 35 2 -397000 215000 X13BIAS2;
5 10 34 1 -439000 215000 X13BIAS1;
5 10 14 0 -466000 255000 X13CLK;
5 11 X 13 subckt;
1 Bound -466000 215000 -207825 277600;
9 feedingJTL6;
C 0 T -325000 261000;
(SymbolCall feedingJTL6);
5 10 19 7 391000 237000 X16CONNECT;
5 10 47 6 376000 197000 X16BIAS6;
5 10 46 5 334000 197000 X16BIAS5;
5 10 45 4 292000 197000 X16BIAS4;
5 10 44 3 250000 197000 X16BIAS3;
5 10 43 2 208000 197000 X16BIAS2;
5 10 42 1 166000 197000 X16BIAS1;
5 10 121 0 139000 237000 X16CLK;
5 11 X 16 subckt;
1 Bound 139000 197000 397175 259600;
9 feedingJTL6;
C 0 T 280000 243000;
(SymbolCall feedingJTL6);
5 10 20 7 788000 237000 X17CONNECT;
5 10 53 6 773000 197000 X17BIAS6;
5 10 52 5 731000 197000 X17BIAS5;
5 10 51 4 689000 197000 X17BIAS4;
5 10 50 3 647000 197000 X17BIAS3;
5 10 49 2 605000 197000 X17BIAS2;
5 10 48 1 563000 197000 X17BIAS1;
5 10 19 0 536000 237000 X17CLK;
5 11 X 17 subckt;
1 Bound 536000 197000 794175 259600;
9 feedingJTL6;
C 0 T 677000 243000;
(SymbolCall feedingJTL6);
5 10 24 7 1168000 227000 X19CONNECT;
5 10 146 6 1153000 187000 X19BIAS6;
5 10 59 5 1111000 187000 X19BIAS5;
5 10 58 4 1069000 187000 X19BIAS4;
5 10 57 3 1027000 187000 X19BIAS3;
5 10 56 2 985000 187000 X19BIAS2;
5 10 55 1 943000 187000 X19BIAS1;
5 10 21 0 916000 227000 X19CLK;
5 11 X 19 subckt;
1 Bound 916000 187000 1174175 249600;
9 feedingJTL6;
C 0 T 1057000 233000;
(SymbolCall gnd);
5 10 0 0 -612000 476000;
1 Bound -613000 473400 -611000 476000;
9 gnd;
C 0 T -613000 475000;
(SymbolCall gnd);
5 10 0 0 -1541000 152000;
1 Bound -1542000 149400 -1540000 152000;
9 gnd;
C 0 T -1542000 151000;
(SymbolCall gnd);
5 10 0 0 -1725000 -10000;
1 Bound -1726000 -12600 -1724000 -10000;
9 gnd;
C 0 T -1726000 -11000;
(SymbolCall gnd);
5 10 0 0 1845000 -19000;
1 Bound 1844000 -21600 1846000 -19000;
9 gnd;
C 0 T 1844000 -20000;
(SymbolCall gnd);
5 10 0 0 -1450000 -243000;
1 Bound -1451000 -245600 -1449000 -243000;
9 gnd;
C 0 T -1451000 -244000;
(SymbolCall gnd);
5 10 0 0 1559000 -658000;
1 Bound 1558000 -660600 1560000 -658000;
9 gnd;
C 0 T 1558000 -659000;
(SymbolCall gnd);
5 10 0 0 184000 -1582000;
1 Bound 183000 -1584600 185000 -1582000;
9 gnd;
C 0 T 183000 -1583000;
(SymbolCall ind);
5 2 10p;
5 15 -1500000 153000 1 0;
5 11 L 0;
5 10 22 1 -1491000 152000 L0-;
5 10 69 0 -1501000 152000 L0+;
1 Bound -1501000 152000 -1491000 153500;
( Rotate 90 );
9 ind;
C 0 R 0 1 T -1491000 151000;
(SymbolCall ind);
5 2 10p;
5 15 -1336000 152000 1 0;
5 11 L 1;
5 10 23 1 -1327000 151000 L1-;
5 10 22 0 -1337000 151000 L1+;
1 Bound -1337000 151000 -1327000 152500;
( Rotate 90 );
9 ind;
C 0 R 0 1 T -1327000 150000;
(SymbolCall ind);
5 2 10p;
5 15 -655000 151000 1 0;
5 11 L 2;
5 10 4 1 -646000 150000 L2-;
5 10 3 0 -656000 150000 L2+;
1 Bound -656000 150000 -646000 151500;
( Rotate 90 );
9 ind;
C 0 R 0 1 T -646000 149000;
(SymbolCall ind);
5 2 10p;
5 15 -448000 151000 1 0;
5 11 L 3;
5 10 34 1 -439000 150000 L3-;
5 10 6 0 -449000 150000 L3+;
1 Bound -449000 150000 -439000 151500;
( Rotate 90 );
9 ind;
C 0 R 0 1 T -439000 149000;
(SymbolCall ind);
5 2 10p;
5 15 -1204000 150000 1 0;
5 11 L 4;
5 10 26 1 -1195000 149000 L4-;
5 10 23 0 -1205000 149000 L4+;
1 Bound -1205000 149000 -1195000 150500;
( Rotate 90 );
9 ind;
C 0 R 0 1 T -1195000 148000;
(SymbolCall ind);
5 2 10p;
5 15 -910000 150000 1 0;
5 11 L 5;
5 10 32 1 -901000 149000 L5-;
5 10 31 0 -911000 149000 L5+;
1 Bound -911000 149000 -901000 150500;
( Rotate 90 );
9 ind;
C 0 R 0 1 T -901000 148000;
(SymbolCall ind);
5 2 10p;
5 15 -868000 150000 1 0;
5 11 L 6;
5 10 33 1 -859000 149000 L6-;
5 10 32 0 -869000 149000 L6+;
1 Bound -869000 149000 -859000 150500;
( Rotate 90 );
9 ind;
C 0 R 0 1 T -859000 148000;
(SymbolCall ind);
5 2 10p;
5 15 -575000 150000 1 0;
5 11 L 7;
5 10 6 1 -566000 149000 L7-;
5 10 4 0 -576000 149000 L7+;
1 Bound -576000 149000 -566000 150500;
( Rotate 90 );
9 ind;
C 0 R 0 1 T -566000 148000;
(SymbolCall ind);
5 2 10p;
5 15 -406000 150000 1 0;
5 11 L 8;
5 10 35 1 -397000 149000 L8-;
5 10 34 0 -407000 149000 L8+;
1 Bound -407000 149000 -397000 150500;
( Rotate 90 );
9 ind;
C 0 R 0 1 T -397000 148000;
(SymbolCall ind);
5 2 10p;
5 15 -364000 150000 1 0;
5 11 L 9;
5 10 36 1 -355000 149000 L9-;
5 10 35 0 -365000 149000 L9+;
1 Bound -365000 149000 -355000 150500;
( Rotate 90 );
9 ind;
C 0 R 0 1 T -355000 148000;
(SymbolCall ind);
5 2 10p;
5 15 -322000 150000 1 0;
5 11 L 10;
5 10 40 1 -313000 149000 L10-;
5 10 36 0 -323000 149000 L10+;
1 Bound -323000 149000 -313000 150500;
( Rotate 90 );
9 ind;
C 0 R 0 1 T -313000 148000;
(SymbolCall ind);
5 2 10p;
5 15 -280000 150000 1 0;
5 11 L 11;
5 10 37 1 -271000 149000 L11-;
5 10 40 0 -281000 149000 L11+;
1 Bound -281000 149000 -271000 150500;
( Rotate 90 );
9 ind;
C 0 R 0 1 T -271000 148000;
(SymbolCall ind);
5 2 10p;
5 15 -238000 149000 1 0;
5 11 L 12;
5 10 38 1 -229000 148000 L12-;
5 10 37 0 -239000 148000 L12+;
1 Bound -239000 148000 -229000 149500;
( Rotate 90 );
9 ind;
C 0 R 0 1 T -229000 147000;
(SymbolCall ind);
5 2 10p;
5 15 -1162000 148000 1 0;
5 11 L 13;
5 10 27 1 -1153000 147000 L13-;
5 10 26 0 -1163000 147000 L13+;
1 Bound -1163000 147000 -1153000 148500;
( Rotate 90 );
9 ind;
C 0 R 0 1 T -1153000 146000;
(SymbolCall ind);
5 2 10p;
5 15 -1078000 148000 1 0;
5 11 L 14;
5 10 29 1 -1069000 147000 L14-;
5 10 28 0 -1079000 147000 L14+;
1 Bound -1079000 147000 -1069000 148500;
( Rotate 90 );
9 ind;
C 0 R 0 1 T -1069000 146000;
(SymbolCall ind);
5 2 10p;
5 15 -154000 148000 1 0;
5 11 L 15;
5 10 39 1 -145000 147000 L15-;
5 10 38 0 -155000 147000 L15+;
1 Bound -155000 147000 -145000 148500;
( Rotate 90 );
9 ind;
C 0 R 0 1 T -145000 146000;
(SymbolCall ind);
5 2 10p;
5 15 -748000 147000 1 0;
5 11 L 16;
5 10 2 1 -739000 146000 L16-;
5 10 1 0 -749000 146000 L16+;
1 Bound -749000 146000 -739000 147500;
( Rotate 90 );
9 ind;
C 0 R 0 1 T -739000 145000;
(SymbolCall ind);
5 2 10p;
5 15 -1120000 146000 1 0;
5 11 L 17;
5 10 28 1 -1111000 145000 L17-;
5 10 27 0 -1121000 145000 L17+;
1 Bound -1121000 145000 -1111000 146500;
( Rotate 90 );
9 ind;
C 0 R 0 1 T -1111000 144000;
(SymbolCall ind);
5 2 10p;
5 15 -790000 146000 1 0;
5 11 L 18;
5 10 1 1 -781000 145000 L18-;
5 10 33 0 -791000 145000 L18+;
1 Bound -791000 145000 -781000 146500;
( Rotate 90 );
9 ind;
C 0 R 0 1 T -781000 144000;
(SymbolCall ind);
5 2 10p;
5 15 -715000 146000 1 0;
5 11 L 19;
5 10 3 1 -706000 145000 L19-;
5 10 2 0 -716000 145000 L19+;
1 Bound -716000 145000 -706000 146500;
( Rotate 90 );
9 ind;
C 0 R 0 1 T -706000 144000;
(SymbolCall ind);
5 2 10p;
5 15 -994000 144000 1 0;
5 11 L 20;
5 10 30 1 -985000 143000 L20-;
5 10 29 0 -995000 143000 L20+;
1 Bound -995000 143000 -985000 144500;
( Rotate 90 );
9 ind;
C 0 R 0 1 T -985000 142000;
(SymbolCall ind);
5 2 10p;
5 15 -952000 142000 1 0;
5 11 L 21;
5 10 31 1 -943000 141000 L21-;
5 10 30 0 -953000 141000 L21+;
1 Bound -953000 141000 -943000 142500;
( Rotate 90 );
9 ind;
C 0 R 0 1 T -943000 140000;
(SymbolCall ind);
5 2 10p;
5 15 554000 141000 1 0;
5 11 L 22;
5 10 48 1 563000 140000 L22-;
5 10 47 0 553000 140000 L22+;
1 Bound 553000 140000 563000 141500;
( Rotate 90 );
9 ind;
C 0 R 0 1 T 563000 139000;
(SymbolCall ind);
5 2 10p;
5 15 638000 141000 1 0;
5 11 L 23;
5 10 50 1 647000 140000 L23-;
5 10 49 0 637000 140000 L23+;
1 Bound 637000 140000 647000 141500;
( Rotate 90 );
9 ind;
C 0 R 0 1 T 647000 139000;
(SymbolCall ind);
5 2 10p;
5 15 283000 140000 1 0;
5 11 L 24;
5 10 45 1 292000 139000 L24-;
5 10 44 0 282000 139000 L24+;
1 Bound 282000 139000 292000 140500;
( Rotate 90 );
9 ind;
C 0 R 0 1 T 292000 138000;
(SymbolCall ind);
5 2 10p;
5 15 367000 140000 1 0;
5 11 L 25;
5 10 47 1 376000 139000 L25-;
5 10 46 0 366000 139000 L25+;
1 Bound 366000 139000 376000 140500;
( Rotate 90 );
9 ind;
C 0 R 0 1 T 376000 138000;
(SymbolCall ind);
5 2 10p;
5 15 596000 140000 1 0;
5 11 L 26;
5 10 49 1 605000 139000 L26-;
5 10 48 0 595000 139000 L26+;
1 Bound 595000 139000 605000 140500;
( Rotate 90 );
9 ind;
C 0 R 0 1 T 605000 138000;
(SymbolCall ind);
5 2 10p;
5 15 157000 139000 1 0;
5 11 L 27;
5 10 42 1 166000 138000 L27-;
5 10 41 0 156000 138000 L27+;
1 Bound 156000 138000 166000 139500;
( Rotate 90 );
9 ind;
C 0 R 0 1 T 166000 137000;
(SymbolCall ind);
5 2 10p;
5 15 241000 139000 1 0;
5 11 L 28;
5 10 44 1 250000 138000 L28-;
5 10 43 0 240000 138000 L28+;
1 Bound 240000 138000 250000 139500;
( Rotate 90 );
9 ind;
C 0 R 0 1 T 250000 137000;
(SymbolCall ind);
5 2 10p;
5 15 325000 139000 1 0;
5 11 L 29;
5 10 46 1 334000 138000 L29-;
5 10 45 0 324000 138000 L29+;
1 Bound 324000 138000 334000 139500;
( Rotate 90 );
9 ind;
C 0 R 0 1 T 334000 137000;
(SymbolCall ind);
5 2 10p;
5 15 680000 139000 1 0;
5 11 L 30;
5 10 51 1 689000 138000 L30-;
5 10 50 0 679000 138000 L30+;
1 Bound 679000 138000 689000 139500;
( Rotate 90 );
9 ind;
C 0 R 0 1 T 689000 137000;
(SymbolCall ind);
5 2 10p;
5 15 722000 138000 1 0;
5 11 L 31;
5 10 52 1 731000 137000 L31-;
5 10 51 0 721000 137000 L31+;
1 Bound 721000 137000 731000 138500;
( Rotate 90 );
9 ind;
C 0 R 0 1 T 731000 136000;
(SymbolCall ind);
5 2 10p;
5 15 764000 138000 1 0;
5 11 L 32;
5 10 53 1 773000 137000 L32-;
5 10 52 0 763000 137000 L32+;
1 Bound 763000 137000 773000 138500;
( Rotate 90 );
9 ind;
C 0 R 0 1 T 773000 136000;
(SymbolCall ind);
5 2 10p;
5 15 120000 137000 1 0;
5 11 L 33;
5 10 41 1 129000 136000 L33-;
5 10 39 0 119000 136000 L33+;
1 Bound 119000 136000 129000 137500;
( Rotate 90 );
9 ind;
C 0 R 0 1 T 129000 135000;
(SymbolCall ind);
5 2 10p;
5 15 199000 137000 1 0;
5 11 L 34;
5 10 43 1 208000 136000 L34-;
5 10 42 0 198000 136000 L34+;
1 Bound 198000 136000 208000 137500;
( Rotate 90 );
9 ind;
C 0 R 0 1 T 208000 135000;
(SymbolCall ind);
5 2 10p;
5 15 976000 137000 1 0;
5 11 L 35;
5 10 56 1 985000 136000 L35-;
5 10 55 0 975000 136000 L35+;
1 Bound 975000 136000 985000 137500;
( Rotate 90 );
9 ind;
C 0 R 0 1 T 985000 135000;
(SymbolCall ind);
5 2 10p;
5 15 934000 136000 1 0;
5 11 L 36;
5 10 55 1 943000 135000 L36-;
5 10 54 0 933000 135000 L36+;
1 Bound 933000 135000 943000 136500;
( Rotate 90 );
9 ind;
C 0 R 0 1 T 943000 134000;
(SymbolCall ind);
5 2 10p;
5 15 1018000 136000 1 0;
5 11 L 37;
5 10 57 1 1027000 135000 L37-;
5 10 56 0 1017000 135000 L37+;
1 Bound 1017000 135000 1027000 136500;
( Rotate 90 );
9 ind;
C 0 R 0 1 T 1027000 134000;
(SymbolCall ind);
5 2 10p;
5 15 1060000 136000 1 0;
5 11 L 38;
5 10 58 1 1069000 135000 L38-;
5 10 57 0 1059000 135000 L38+;
1 Bound 1059000 135000 1069000 136500;
( Rotate 90 );
9 ind;
C 0 R 0 1 T 1069000 134000;
(SymbolCall ind);
5 2 10p;
5 15 1472000 136000 1 0;
5 11 L 39;
5 10 64 1 1481000 135000 L39-;
5 10 63 0 1471000 135000 L39+;
1 Bound 1471000 135000 1481000 136500;
( Rotate 90 );
9 ind;
C 0 R 0 1 T 1481000 134000;
(SymbolCall ind);
5 2 10p;
5 15 1102000 134000 1 0;
5 11 L 40;
5 10 59 1 1111000 133000 L40-;
5 10 58 0 1101000 133000 L40+;
1 Bound 1101000 133000 1111000 134500;
( Rotate 90 );
9 ind;
C 0 R 0 1 T 1111000 132000;
(SymbolCall ind);
5 2 10p;
5 15 1144000 134000 1 0;
5 11 L 41;
5 10 60 1 1153000 133000 L41-;
5 10 59 0 1143000 133000 L41+;
1 Bound 1143000 133000 1153000 134500;
( Rotate 90 );
9 ind;
C 0 R 0 1 T 1153000 132000;
(SymbolCall ind);
5 2 10p;
5 15 1346000 134000 1 0;
5 11 L 42;
5 10 61 1 1355000 133000 L42-;
5 10 60 0 1345000 133000 L42+;
1 Bound 1345000 133000 1355000 134500;
( Rotate 90 );
9 ind;
C 0 R 0 1 T 1355000 132000;
(SymbolCall ind);
5 2 10p;
5 15 1388000 134000 1 0;
5 11 L 43;
5 10 62 1 1397000 133000 L43-;
5 10 61 0 1387000 133000 L43+;
1 Bound 1387000 133000 1397000 134500;
( Rotate 90 );
9 ind;
C 0 R 0 1 T 1397000 132000;
(SymbolCall ind);
5 2 10p;
5 15 1430000 134000 1 0;
5 11 L 44;
5 10 63 1 1439000 133000 L44-;
5 10 62 0 1429000 133000 L44+;
1 Bound 1429000 133000 1439000 134500;
( Rotate 90 );
9 ind;
C 0 R 0 1 T 1439000 132000;
(SymbolCall ind);
5 2 10p;
5 15 1584000 132000 1 0;
5 11 L 45;
5 10 65 1 1593000 131000 L45-;
5 10 64 0 1583000 131000 L45+;
1 Bound 1583000 131000 1593000 132500;
( Rotate 90 );
9 ind;
C 0 R 0 1 T 1593000 130000;
(SymbolCall ind);
5 2 10p;
5 15 1626000 132000 1 0;
5 11 L 46;
5 10 66 1 1635000 131000 L46-;
5 10 65 0 1625000 131000 L46+;
1 Bound 1625000 131000 1635000 132500;
( Rotate 90 );
9 ind;
C 0 R 0 1 T 1635000 130000;
(SymbolCall ind);
5 2 10p;
5 15 1668000 132000 1 0;
5 11 L 47;
5 10 67 1 1677000 131000 L47-;
5 10 66 0 1667000 131000 L47+;
1 Bound 1667000 131000 1677000 132500;
( Rotate 90 );
9 ind;
C 0 R 0 1 T 1677000 130000;
(SymbolCall ind);
5 2 10p;
5 15 1710000 132000 1 0;
5 11 L 48;
5 10 68 1 1719000 131000 L48-;
5 10 67 0 1709000 131000 L48+;
1 Bound 1709000 131000 1719000 132500;
( Rotate 90 );
9 ind;
C 0 R 0 1 T 1719000 130000;
(SymbolCall ind);
5 2 10p;
5 15 858000 131000 1 0;
5 11 L 49;
5 10 54 1 867000 130000 L49-;
5 10 53 0 857000 130000 L49+;
1 Bound 857000 130000 867000 131500;
( Rotate 90 );
9 ind;
C 0 R 0 1 T 867000 129000;
(SymbolCall isrc);
5 2 pwl(0 0 4340p 0 4343p 600u 4346p 0 5550p 0 5553p 600u 5556p 0);
5 10 0 0 -612000 476000 I0_0;
5 10 119 1 -602000 476000 I0_1;
5 11 I 0;
5 5 nophys;
5 15 -606000 476000 1 0 @<name>[c];
1 Bound -612000 474000 -602000 478000;
( Rotate 90 );
9 isrc;
C 0 R 0 1 T -602000 474000;
(SymbolCall isrc);
5 2 pwl(0 0 10p 30000u 600p 30000u 800p 27218u);
5 11 I 1;
5 10 69 1 -1531000 152000 I1_1;
5 10 0 0 -1541000 152000 I1_0;
5 5 nophys;
5 15 -1535000 152000 1 0 @<name>[c];
1 Bound -1541000 150000 -1531000 154000;
( Rotate 90 );
9 isrc;
C 0 R 0 1 T -1531000 150000;
(SymbolCall isrc);
5 2 pwl(0 0 3200p 0 3203p 600u 3206p 0);
5 5 nophys;
5 10 0 0 -1725000 -10000 I2_0;
5 10 127 1 -1715000 -10000 I2_1;
5 11 I 2;
5 15 -1719000 -10000 1 0 @<name>[c];
1 Bound -1725000 -12000 -1715000 -8000;
( Rotate 90 );
9 isrc;
C 0 R 0 1 T -1715000 -12000;
(SymbolCall isrc);
5 2 pwl(0 0 4200p 0 4203p 600u 4206p 0 4350p 0 4353p 600u 4356p 0);
5 5 nophys;
5 10 0 0 -1450000 -243000 I3_0;
5 10 131 1 -1440000 -243000 I3_1;
5 11 I 3;
5 15 -1444000 -243000 1 0 @<name>[c];
1 Bound -1450000 -245000 -1440000 -241000;
( Rotate 90 );
9 isrc;
C 0 R 0 1 T -1440000 -245000;
(SymbolCall isrc);
5 2 pulse(0 600u 1p 2p 2p 1p 50p);
5 11 I 4;
5 10 144 1 184000 -1572000 I4_1;
5 10 0 0 184000 -1582000 I4_0;
5 5 nophys;
5 15 184000 -1576000 0 1 @<name>[c];
1 Bound 182000 -1582000 186000 -1572000;
( Rotate 180 );
9 isrc;
C 0 R -1 0 T 186000 -1572000;
(SymbolCall res);
5 2 2;
5 11 R 0;
5 10 0 1 1845000 -19000 R0-;
5 10 80 0 1835000 -19000 R0+;
5 15 1836000 -20000 1 0 "<v>/<value>O";
1 Bound 1835000 -20250 1845000 -18000;
( Rotate 90 );
9 res;
C 0 R 0 1 T 1835000 -19000;
(SymbolCall res);
5 2 2;
5 10 99 0 1549000 -658000 R1+;
5 10 0 1 1559000 -658000 R1-;
5 11 R 1;
5 15 1550000 -659000 1 0 "<v>/<value>O";
1 Bound 1549000 -659250 1559000 -657000;
( Rotate 90 );
9 res;
C 0 R 0 1 T 1549000 -658000;
L SCED;
5 10 1;
W2 0 -437000 551000 -438000 362000 -775000 362000 -775000 215000
  -775000 146000 -775000 145000 -781000 145000;
5 10 2;
W2 0 -391000 551000 -390000 356000 -732000 356000 -733000 215000
  -733000 146000 -739000 146000;
5 10 3;
W2 0 -337000 551000 -339000 351000 -691000 351000 -691000 215000
  -691000 150000 -691000 145000 -706000 145000;
5 10 4;
W2 0 -309000 551000 -311000 345000 -649000 345000 -649000 215000
  -649000 162000 -644000 162000 -644000 150000 -646000 150000;
5 10 5;
W2 0 -223000 -976000 -1834000 -976000 -1837000 475000 -1837000 512000
  -467000 512000;
5 10 6;
W2 0 -565000 326000 -173000 326000 -173000 512000;
5 10 7;
W2 0 915000 -5000 77000 50000 80000 498000 -67000 495000 -77000 495000;
5 10 8;
W2 0 -209000 476000 -199000 476000;
5 10 9;
W2 0 -129000 464000 -67000 464000 -67000 442000 -64000 442000;
5 10 10;
W2 0 -15000 442000 60000 442000 57000 -33000 526000 -272000;
5 10 6;
W2 0 -565000 328000 -565000 326000 -565000 216000 -565000 150000
  -565000 149000 -566000 149000;
5 10 11;
W2 0 -223000 -945000 -1796000 -945000 -1799000 237000 -1799000 259000
  -1558000 255000 -1442000 275000;
5 10 12;
W2 0 -1358000 275000 -1222000 255000;
5 10 13;
W2 0 -634000 255000 -592000 256000;
5 10 14;
W2 0 -550000 256000 -466000 255000;
5 10 15;
W2 0 -1054000 255000 -1012000 255000;
5 10 16;
W2 0 -844000 255000 -802000 255000;
5 10 17;
W2 0 -214000 255000 -172000 255000;
5 10 18;
W2 0 97000 237000 -46000 255000 -130000 255000;
5 10 19;
W2 0 536000 237000 391000 237000;
5 10 20;
W2 0 788000 237000 830000 237000;
5 10 21;
W2 0 872000 237000 916000 227000;
5 10 22;
W2 0 -1415000 235000 -1415000 215000 -1489000 215000 -1489000 152000
  -1489000 151000 -1489000 65000 -1513000 65000 -1513000 44000 -1545000 44000
  -1545000 26000;
5 10 23;
W2 0 -1373000 235000 -1373000 215000 -1321000 215000 -1321000 151000
  -1321000 149000 -1321000 -176000 -1269000 -176000 -1269000 -207000
  -1270000 -207000;
5 10 24;
W2 0 1328000 226000 1210000 227000 1168000 227000;
5 10 25;
W2 0 1566000 222000 1538000 226000 1496000 226000;
5 10 26;
W2 0 -1195000 215000 -1195000 149000 -1195000 147000 -1195000 -82000
  -1046000 -82000 -1046000 -456000;
5 10 27;
W2 0 -1153000 215000 -1153000 147000 -1153000 145000 -1153000 -71000
  -1000000 -71000 -998000 -450000;
5 10 28;
W2 0 -1111000 215000 -1111000 147000 -1111000 145000 -1111000 -69000
  -946000 -69000 -946000 -456000;
5 10 29;
W2 0 -1069000 215000 -1069000 147000 -1069000 143000 -1069000 -65000
  -918000 -65000 -918000 -456000;
5 10 30;
W2 0 -985000 215000 -985000 143000 -985000 141000 -985000 -12000
  -741000 -12000 -741000 -201000;
5 10 31;
W2 0 -943000 215000 -943000 149000 -943000 141000 -943000 -8000 -695000 -8000
  -695000 -201000;
5 10 32;
W2 0 -901000 215000 -901000 149000 -901000 -6000 -641000 -6000 -641000 -201000;
5 10 33;
W2 0 -859000 215000 -859000 149000 -859000 145000 -859000 0 -613000 0
  -613000 -201000;
5 10 34;
W2 0 -439000 215000 -439000 150000 -439000 149000 -439000 99000 -451000 99000
  -451000 93000;
5 10 35;
W2 0 -397000 215000 -397000 149000 -397000 99000 -412000 99000 -412000 93000;
5 10 36;
W2 0 -355000 215000 -355000 149000 -355000 99000 -374000 99000 -374000 93000;
5 10 37;
W2 0 -271000 215000 -271000 149000 -271000 148000 -271000 99000 -279000 99000
  -279000 94000;
5 10 38;
W2 0 -229000 215000 -229000 148000 -229000 147000 -229000 95000 -232000 95000
  -231000 93000;
5 10 39;
W2 0 -145000 215000 -145000 147000 -145000 136000 -145000 35000 -113000 35000
  -113000 21000;
5 10 40;
W2 0 -313000 214000 -313000 149000 -313000 97000 -326000 97000 -326000 93000;
5 10 41;
W2 0 124000 197000 124000 193000 129000 193000 129000 138000 129000 136000
  129000 -563000 243000 -563000 243000 -573000;
5 10 42;
W2 0 166000 197000 166000 138000 166000 136000 166000 -568000 177000 -568000
  177000 -573000;
5 10 43;
W2 0 208000 197000 208000 138000 208000 136000 208000 -570000 203000 -570000
  203000 -573000;
5 10 44;
W2 0 250000 197000 250000 139000 250000 138000 250000 -557000 268000 -557000
  268000 -573000;
5 10 45;
W2 0 292000 197000 292000 139000 292000 138000 292000 -560000 310000 -560000
  310000 -573000;
5 10 46;
W2 0 334000 197000 334000 139000 334000 138000 334000 -557000 336000 -557000
  336000 -573000;
5 10 47;
W2 0 376000 197000 376000 140000 376000 139000 376000 -557000 404000 -557000
  404000 -573000;
5 10 48;
W2 0 563000 197000 563000 140000 563000 139000 563000 -229000 573000 -229000
  573000 -235000;
5 10 49;
W2 0 605000 197000 605000 140000 605000 139000 605000 -226000 599000 -226000
  599000 -235000;
5 10 50;
W2 0 647000 197000 647000 140000 647000 138000 647000 -230000 638000 -230000;
5 10 51;
W2 0 689000 197000 689000 138000 689000 137000 689000 -231000 664000 -231000
  664000 -235000;
5 10 52;
W2 0 731000 197000 731000 137000 731000 -228000 706000 -228000 706000 -235000;
5 10 53;
W2 0 732000 -235000 732000 -233000 773000 -233000 773000 130000 773000 137000
  773000 197000;
5 10 54;
W2 0 857000 197000 857000 195000 867000 195000 867000 135000 867000 130000
  867000 -218000 800000 -218000 800000 -235000;
5 10 55;
W2 0 943000 187000 943000 136000 943000 135000 943000 73000 940000 73000
  940000 64000;
5 10 56;
W2 0 985000 187000 985000 136000 985000 135000 985000 72000 979000 72000
  979000 64000;
5 10 57;
W2 0 1027000 187000 1027000 135000 1027000 69000 1017000 69000 1017000 64000;
5 10 58;
W2 0 1069000 187000 1069000 135000 1069000 133000 1069000 70000 1065000 70000
  1065000 64000;
5 10 59;
W2 0 1111000 187000 1111000 133000 1111000 70000 1112000 70000 1112000 64000;
5 10 60;
W2 0 1153000 186000 1153000 133000 1153000 69000 1160000 69000 1160000 64000;
5 10 61;
W2 0 1355000 186000 1355000 133000 1355000 -464000 1319000 -464000
  1319000 -553000;
5 10 62;
W2 0 1397000 186000 1397000 133000 1397000 -466000 1350000 -466000
  1350000 -553000;
5 10 63;
W2 0 1439000 186000 1439000 135000 1439000 133000 1439000 -473000
  1386000 -473000 1386000 -553000;
5 10 64;
W2 0 1481000 186000 1481000 135000 1481000 131000 1481000 -480000
  1432000 -480000 1432000 -553000;
5 10 65;
W2 0 1593000 182000 1593000 131000 1593000 75000 1597000 71000 1597000 56000;
5 10 66;
W2 0 1635000 182000 1635000 131000 1635000 76000 1643000 68000 1643000 56000;
5 10 67;
W2 0 1677000 182000 1677000 131000 1677000 78000 1697000 78000 1697000 56000;
5 10 68;
W2 0 1719000 182000 1719000 131000 1719000 77000 1725000 71000 1725000 56000;
5 10 69;
W2 0 -1501000 152000 -1531000 152000;
5 10 22;
W2 0 -1491000 152000 -1489000 152000;
5 10 22;
W2 0 -1337000 151000 -1489000 151000;
5 10 23;
W2 0 -1327000 151000 -1321000 151000;
5 10 3;
W2 0 -656000 150000 -691000 150000;
5 10 4;
W2 0 -644000 150000 -644000 149000 -576000 149000;
5 10 6;
W2 0 -449000 150000 -565000 150000;
5 10 23;
W2 0 -1205000 149000 -1321000 149000;
5 10 31;
W2 0 -911000 149000 -943000 149000;
5 10 32;
W2 0 -869000 149000 -901000 149000;
5 10 34;
W2 0 -407000 149000 -439000 149000;
5 10 35;
W2 0 -365000 149000 -397000 149000;
5 10 36;
W2 0 -323000 149000 -355000 149000;
5 10 40;
W2 0 -281000 149000 -313000 149000;
5 10 37;
W2 0 -239000 148000 -271000 148000;
5 10 26;
W2 0 -1163000 147000 -1195000 147000;
5 10 28;
W2 0 -1079000 147000 -1111000 147000;
5 10 38;
W2 0 -155000 147000 -229000 147000;
5 10 1;
W2 0 -749000 146000 -775000 146000;
5 10 2;
W2 0 -716000 145000 -733000 145000 -733000 146000;
5 10 27;
W2 0 -1121000 145000 -1153000 145000;
5 10 33;
W2 0 -791000 145000 -859000 145000;
5 10 29;
W2 0 -995000 143000 -1069000 143000;
5 10 30;
W2 0 -953000 141000 -985000 141000;
5 10 47;
W2 0 553000 140000 376000 140000;
5 10 49;
W2 0 637000 140000 605000 140000;
5 10 44;
W2 0 282000 139000 250000 139000;
5 10 46;
W2 0 366000 139000 334000 139000;
5 10 48;
W2 0 595000 139000 563000 139000;
5 10 41;
W2 0 156000 138000 129000 138000;
5 10 43;
W2 0 240000 138000 208000 138000;
5 10 45;
W2 0 324000 138000 292000 138000;
5 10 50;
W2 0 679000 138000 647000 138000;
5 10 51;
W2 0 721000 137000 689000 137000;
5 10 52;
W2 0 763000 137000 731000 137000;
5 10 39;
W2 0 119000 136000 -145000 136000;
5 10 42;
W2 0 198000 136000 166000 136000;
5 10 55;
W2 0 975000 136000 943000 136000;
5 10 54;
W2 0 933000 135000 867000 135000;
5 10 56;
W2 0 1017000 135000 985000 135000;
5 10 57;
W2 0 1059000 135000 1027000 135000;
5 10 63;
W2 0 1471000 135000 1439000 135000;
5 10 58;
W2 0 1101000 133000 1069000 133000;
5 10 59;
W2 0 1143000 133000 1111000 133000;
5 10 60;
W2 0 1345000 133000 1153000 133000;
5 10 61;
W2 0 1387000 133000 1355000 133000;
5 10 62;
W2 0 1429000 133000 1397000 133000;
5 10 64;
W2 0 1583000 131000 1481000 131000;
5 10 65;
W2 0 1625000 131000 1593000 131000;
5 10 66;
W2 0 1667000 131000 1635000 131000;
5 10 67;
W2 0 1709000 131000 1677000 131000;
5 10 53;
W2 0 857000 130000 773000 130000;
5 10 70;
W2 0 -476000 40000 -488000 40000 76000 -524000 76000 -971000;
5 10 71;
W2 0 -1449000 9000 -1439000 9000 -476000 24000;
5 10 72;
W2 0 -69000 4000 -23000 4000 -23000 19000 -21000 19000;
5 10 73;
W2 0 29000 19000 31000 19000 41000 19000 915000 -45000;
5 10 74;
W2 0 379000 -972000 379000 -792000 1557000 -792000 1557000 17000 1567000 17000;
5 10 75;
W2 0 915000 11000 920000 11000 920000 -733000 256000 -733000 256000 -972000;
5 10 76;
W2 0 -1581000 -10000 -1571000 -10000;
5 10 77;
W2 0 -149000 -15000 -139000 -15000;
5 10 78;
W2 0 -1174000 -224000 -1164000 -224000 -476000 -16000;
5 10 79;
W2 0 1242000 -44000 1252000 -44000 1566000 -19000;
5 10 80;
W2 0 1825000 -19000 1835000 -19000;
5 10 81;
W2 0 -1501000 -22000 -1439000 -22000 -1439000 -44000 -1436000 -44000;
5 10 82;
W2 0 -61000 -48000 -67000 -48000 -67000 -27000 -69000 -27000;
5 10 83;
W2 0 -1387000 -44000 -801000 -44000 -801000 -271000 -772000 -276000;
5 10 84;
W2 0 -9000 -48000 1000 -48000 526000 -334000;
5 10 85;
W2 0 639000 -235000 639000 -230000;
5 10 86;
W2 0 -771000 -240000 -771000 -239000 -782000 -239000 -782000 -313000
  -223000 -872000;
5 10 87;
W2 0 -1306000 -243000 -1296000 -243000;
5 10 88;
W2 0 -1226000 -255000 -1164000 -255000 -1164000 -277000 -1161000 -277000;
5 10 89;
W2 0 -513000 -276000 -503000 -276000 130000 -610000;
5 10 90;
W2 0 -1112000 -277000 -1095000 -277000 -1095000 -533000 -1077000 -531000;
5 10 91;
W2 0 885000 -301000 895000 -301000 1292000 -634000;
5 10 92;
W2 0 209000 -972000 209000 -704000 506000 -707000 506000 -302000
  526000 -302000;
5 10 93;
W2 0 -1000000 -456000 -998000 -449000;
5 10 94;
W2 0 -223000 -903000 -1086000 -903000 -1086000 -494000 -1076000 -495000;
5 10 95;
W2 0 -818000 -531000 -808000 -531000 130000 -672000;
5 10 96;
W2 0 330000 -972000 330000 -761000 1245000 -761000 1245000 -601000
  1292000 -601000;
5 10 97;
W2 0 489000 -639000 499000 -639000 1292000 -668000;
5 10 98;
W2 0 130000 -640000 112000 -640000 112000 -961000 127000 -961000
  127000 -971000;
5 10 99;
W2 0 1539000 -658000 1549000 -658000;
5 10 100;
W2 0 -153000 -884000 -22000 -884000 -22000 -971000;
5 10 101;
W2 0 -153000 -957000 -85000 -957000 -85000 -971000;
5 10 102;
W2 0 -53000 -1042000 -85000 -1042000 -85000 -1023000;
5 10 103;
W2 0 -22000 -1023000 -22000 -1042000;
5 10 104;
W2 0 76000 -1023000 76000 -1045000 86000 -1045000;
5 10 105;
W2 0 127000 -1023000 127000 -1045000 117000 -1045000;
5 10 106;
W2 0 209000 -1024000 209000 -1045000 214000 -1045000;
5 10 107;
W2 0 256000 -1024000 256000 -1045000 245000 -1045000;
5 10 108;
W2 0 330000 -1024000 330000 -1048000 344000 -1048000;
5 10 109;
W2 0 379000 -1024000 379000 -1048000 375000 -1048000;
5 10 110;
W2 0 -34000 -1164000 -34000 -1212000 89000 -1212000;
5 10 111;
W2 0 105000 -1167000 120000 -1182000 120000 -1212000;
5 10 112;
W2 0 233000 -1167000 245000 -1179000 245000 -1215000;
5 10 113;
W2 0 276000 -1215000 321000 -1170000 363000 -1170000;
5 10 114;
W2 0 108000 -1334000 142000 -1368000 165000 -1368000;
5 10 115;
W2 0 196000 -1368000 264000 -1368000 264000 -1337000;
L NAME;
5 16 X 0 11;
94 <<X0>> -467750 552000 0 1275 1000;
5 16 X 1 11;
94 <<X1>> -128750 516250 0 1050 1000;
5 16 X 2 11;
94 <<X2>> -199250 510750 320 1275 1000;
5 16 X 3 11;
94 <<X3>> -601750 497250 0 1275 1000;
5 16 X 4 11;
94 <<X4>> -519750 497250 0 1275 1000;
5 16 X 5 11;
94 <<X5>> -260750 497250 0 1275 1000;
5 16 I 0 11;
94 <<I0>> -611750 478250 0 975 1000;
5 16 X 6 11;
94 <<X6>> -66750 463250 0 1275 1000;
5 16 X 7 11;
94 <<X7>> -1441750 297850 0 1275 1000;
5 16 X 10 11;
94 <<X10>> -1221750 277850 0 1650 1000;
5 16 X 11 11;
94 <<X11>> -1011750 277850 0 1425 1000;
5 16 X 12 11;
94 <<X12>> -801750 277850 0 1650 1000;
5 16 X 13 11;
94 <<X13>> -465750 277850 0 1650 1000;
5 16 X 8 11;
94 <<X8>> -592250 277350 320 1275 1000;
5 16 X 9 11;
94 <<X9>> -592250 277350 320 1275 1000;
5 16 X 14 11;
94 <<X14>> -172250 276350 320 1650 1000;
5 16 X 16 11;
94 <<X16>> 139250 259850 0 1650 1000;
5 16 X 17 11;
94 <<X17>> 536250 259850 0 1650 1000;
5 16 X 15 11;
94 <<X15>> 96750 258350 320 1650 1000;
5 16 X 18 11;
94 <<X18>> 829750 258350 320 1650 1000;
5 16 X 19 11;
94 <<X19>> 916250 249850 0 1650 1000;
5 16 X 20 11;
94 <<X20>> 1328250 248850 0 1875 1000;
5 16 X 21 11;
94 <<X21>> 1566250 244850 0 1650 1000;
5 16 I 1 11;
94 <<I1>> -1540750 154250 0 750 1000;
5 16 L 0 11;
94 <<L0>> -1500750 153750 0 1275 1000;
5 16 L 1 11;
94 <<L1>> -1336750 152750 0 1050 1000;
5 16 L 2 11;
94 <<L2>> -655750 151750 0 1275 1000;
5 16 L 3 11;
94 <<L3>> -448750 151750 0 1275 1000;
5 16 L 4 11;
94 <<L4>> -1204750 150750 0 1275 1000;
5 16 L 5 11;
94 <<L5>> -910750 150750 0 1275 1000;
5 16 L 6 11;
94 <<L6>> -868750 150750 0 1275 1000;
5 16 L 7 11;
94 <<L7>> -575750 150750 0 1275 1000;
5 16 L 8 11;
94 <<L8>> -406750 150750 0 1275 1000;
5 16 L 9 11;
94 <<L9>> -364750 150750 0 1275 1000;
5 16 L 10 11;
94 <<L10>> -322750 150750 0 1650 1000;
5 16 L 11 11;
94 <<L11>> -280750 150750 0 1425 1000;
5 16 L 12 11;
94 <<L12>> -238750 149750 0 1650 1000;
5 16 L 13 11;
94 <<L13>> -1162750 148750 0 1650 1000;
5 16 L 14 11;
94 <<L14>> -1078750 148750 0 1650 1000;
5 16 L 15 11;
94 <<L15>> -154750 148750 0 1650 1000;
5 16 L 16 11;
94 <<L16>> -748750 147750 0 1650 1000;
5 16 L 17 11;
94 <<L17>> -1120750 146750 0 1650 1000;
5 16 L 18 11;
94 <<L18>> -790750 146750 0 1650 1000;
5 16 L 19 11;
94 <<L19>> -715750 146750 0 1650 1000;
5 16 L 20 11;
94 <<L20>> -994750 144750 0 1875 1000;
5 16 L 21 11;
94 <<L21>> -952750 142750 0 1650 1000;
5 16 L 22 11;
94 <<L22>> 553250 141750 0 1875 1000;
5 16 L 23 11;
94 <<L23>> 637250 141750 0 1875 1000;
5 16 L 24 11;
94 <<L24>> 282250 140750 0 1875 1000;
5 16 L 25 11;
94 <<L25>> 366250 140750 0 1875 1000;
5 16 L 26 11;
94 <<L26>> 595250 140750 0 1875 1000;
5 16 L 27 11;
94 <<L27>> 156250 139750 0 1875 1000;
5 16 L 28 11;
94 <<L28>> 240250 139750 0 1875 1000;
5 16 L 29 11;
94 <<L29>> 324250 139750 0 1875 1000;
5 16 L 30 11;
94 <<L30>> 679250 139750 0 1875 1000;
5 16 L 31 11;
94 <<L31>> 721250 138750 0 1650 1000;
5 16 L 32 11;
94 <<L32>> 763250 138750 0 1875 1000;
5 16 L 33 11;
94 <<L33>> 119250 137750 0 1875 1000;
5 16 L 34 11;
94 <<L34>> 198250 137750 0 1875 1000;
5 16 L 35 11;
94 <<L35>> 975250 137750 0 1875 1000;
5 16 L 36 11;
94 <<L36>> 933250 136750 0 1875 1000;
5 16 L 37 11;
94 <<L37>> 1017250 136750 0 1875 1000;
5 16 L 38 11;
94 <<L38>> 1059250 136750 0 1875 1000;
5 16 L 39 11;
94 <<L39>> 1471250 136750 0 1875 1000;
5 16 L 40 11;
94 <<L40>> 1101250 134750 0 1875 1000;
5 16 L 41 11;
94 <<L41>> 1143250 134750 0 1650 1000;
5 16 L 42 11;
94 <<L42>> 1345250 134750 0 1875 1000;
5 16 L 43 11;
94 <<L43>> 1387250 134750 0 1875 1000;
5 16 L 44 11;
94 <<L44>> 1429250 134750 0 1875 1000;
5 16 L 45 11;
94 <<L45>> 1583250 132750 0 1875 1000;
5 16 L 46 11;
94 <<L46>> 1625250 132750 0 1875 1000;
5 16 L 47 11;
94 <<L47>> 1667250 132750 0 1875 1000;
5 16 L 48 11;
94 <<L48>> 1709250 132750 0 1875 1000;
5 16 L 49 11;
94 <<L49>> 857250 131750 0 1875 1000;
5 16 X 22 11;
94 <<X22>> -475750 93250 0 1875 1000;
5 16 X 23 11;
94 <<X23>> 915250 64250 0 1875 1000;
5 16 X 24 11;
94 <<X24>> 1566250 57000 0 1875 1000;
5 16 X 25 11;
94 <<X25>> -20750 40250 0 1875 1000;
5 16 X 26 11;
94 <<X26>> -1500750 30250 0 1875 1000;
5 16 X 27 11;
94 <<X27>> -1571250 24750 320 1875 1000;
5 16 X 28 11;
94 <<X28>> -139250 19750 320 1875 1000;
5 16 X 29 11;
94 <<X29>> -1714750 11250 0 1875 1000;
5 16 X 30 11;
94 <<X30>> -1632750 11250 0 1875 1000;
5 16 X 31 11;
94 <<X31>> -200750 6250 0 1650 1000;
5 16 X 32 11;
94 <<X32>> 1773250 2250 0 1875 1000;
5 16 I 2 11;
94 <<I2>> -1724750 -7750 0 975 1000;
5 16 R 0 11;
94 <<R0>> 1835250 -17750 0 1275 1000;
5 16 X 33 11;
94 <<X33>> -1438750 -22750 0 1875 1000;
5 16 X 34 11;
94 <<X34>> 1190250 -22750 0 1875 1000;
5 16 X 35 11;
94 <<X35>> -60750 -26750 0 1875 1000;
5 16 X 36 11;
94 <<X36>> -771750 -200000 0 1875 1000;
5 16 X 37 11;
94 <<X37>> -1225750 -202750 0 1875 1000;
5 16 X 38 11;
94 <<X38>> -1296250 -208250 320 1875 1000;
5 16 X 39 11;
94 <<X39>> -1439750 -221750 0 1875 1000;
5 16 X 40 11;
94 <<X40>> -1357750 -221750 0 1875 1000;
5 16 X 41 11;
94 <<X41>> 526250 -234750 0 1650 1000;
5 16 I 3 11;
94 <<I3>> -1449750 -240750 0 975 1000;
5 16 X 42 11;
94 <<X42>> -564750 -254750 0 1875 1000;
5 16 X 43 11;
94 <<X43>> -1163750 -255750 0 1875 1000;
5 16 X 44 11;
94 <<X44>> 833250 -279750 0 1875 1000;
5 16 X 45 11;
94 <<X45>> -1076750 -455000 0 1875 1000;
5 16 X 46 11;
94 <<X46>> -869750 -509750 0 1875 1000;
5 16 X 47 11;
94 <<X47>> 1292250 -552750 0 1875 1000;
5 16 X 48 11;
94 <<X48>> 130250 -572750 0 1875 1000;
5 16 X 49 11;
94 <<X49>> 437250 -617750 0 1875 1000;
5 16 X 50 11;
94 <<X50>> 1487250 -636750 0 1875 1000;
5 16 R 1 11;
94 <<R1>> 1549250 -656750 0 1050 1000;
5 16 X 51 11;
94 <<X51>> -222750 -849150 0 1650 1000;
5 16 X 52 11;
94 <<X52>> -222750 -922150 0 1875 1000;
5 16 X 53 11;
94 <<X53>> -106250 -972250 320 1875 1000;
5 16 X 54 11;
94 <<X54>> -43250 -972250 320 1875 1000;
5 16 X 55 11;
94 <<X55>> 54750 -972250 320 1875 1000;
5 16 X 56 11;
94 <<X56>> 105750 -972250 320 1875 1000;
5 16 X 57 11;
94 <<X57>> 187750 -973250 320 1875 1000;
5 16 X 58 11;
94 <<X58>> 234750 -973250 320 1875 1000;
5 16 X 59 11;
94 <<X59>> 308750 -973250 320 1875 1000;
5 16 X 60 11;
94 <<X60>> 357750 -973250 320 1875 1000;
5 16 X 61 11;
94 <<X61>> -55250 -1043250 320 1650 1000;
5 16 X 62 11;
94 <<X62>> 83750 -1046250 320 1875 1000;
5 16 X 63 11;
94 <<X63>> 211750 -1046250 320 1875 1000;
5 16 X 64 11;
94 <<X64>> 341750 -1049250 320 1875 1000;
5 16 X 65 11;
94 <<X65>> -55250 -1113250 320 1875 1000;
5 16 X 66 11;
94 <<X66>> 83750 -1116250 320 1875 1000;
5 16 X 67 11;
94 <<X67>> 211750 -1116250 320 1875 1000;
5 16 X 68 11;
94 <<X68>> 341750 -1119250 320 1875 1000;
5 16 X 69 11;
94 <<X69>> 86750 -1213250 320 1875 1000;
5 16 X 70 11;
94 <<X70>> 242750 -1216250 320 1875 1000;
5 16 X 71 11;
94 <<X71>> 86750 -1283250 320 1650 1000;
5 16 X 72 11;
94 <<X72>> 242750 -1286250 320 1875 1000;
5 16 X 73 11;
94 <<X73>> 162750 -1369250 320 1875 1000;
5 16 X 74 11;
94 <<X74>> 162750 -1439250 320 1875 1000;
5 16 X 75 11;
94 <<X75>> 162750 -1491250 320 1875 1000;
5 16 I 4 11;
94 <<I4>> 181750 -1573250 320 975 1000;
L VALU;
5 16 I 0 2;
94 <<pwl(0 0 4340p 0 4343p 600u 4346p 0 5550p 0 5553p 600u 5556p 0)>> -602250 473750 33088 36375 1000;
5 16 L 0 2;
94 <<10p>> -1491250 151750 33088 1650 1000;
5 16 L 1 2;
94 <<10p>> -1327250 150750 33088 1650 1000;
5 16 I 1 2;
94 <<pwl(0 0 10p 30000u 600p 30000u 800p 27218u)>> -1531250 149750 33088 24525 1000;
5 16 L 2 2;
94 <<10p>> -646250 149750 33088 1650 1000;
5 16 L 3 2;
94 <<10p>> -439250 149750 33088 1650 1000;
5 16 L 4 2;
94 <<10p>> -1195250 148750 33088 1650 1000;
5 16 L 5 2;
94 <<10p>> -901250 148750 33088 1650 1000;
5 16 L 6 2;
94 <<10p>> -859250 148750 33088 1650 1000;
5 16 L 7 2;
94 <<10p>> -566250 148750 33088 1650 1000;
5 16 L 8 2;
94 <<10p>> -397250 148750 33088 1650 1000;
5 16 L 9 2;
94 <<10p>> -355250 148750 33088 1650 1000;
5 16 L 10 2;
94 <<10p>> -313250 148750 33088 1650 1000;
5 16 L 11 2;
94 <<10p>> -271250 148750 33088 1650 1000;
5 16 L 12 2;
94 <<10p>> -229250 147750 33088 1650 1000;
5 16 L 13 2;
94 <<10p>> -1153250 146750 33088 1650 1000;
5 16 L 14 2;
94 <<10p>> -1069250 146750 33088 1650 1000;
5 16 L 15 2;
94 <<10p>> -145250 146750 33088 1650 1000;
5 16 L 16 2;
94 <<10p>> -739250 145750 33088 1650 1000;
5 16 L 17 2;
94 <<10p>> -1111250 144750 33088 1650 1000;
5 16 L 18 2;
94 <<10p>> -781250 144750 33088 1650 1000;
5 16 L 19 2;
94 <<10p>> -706250 144750 33088 1650 1000;
5 16 L 20 2;
94 <<10p>> -985250 142750 33088 1650 1000;
5 16 L 21 2;
94 <<10p>> -943250 140750 33088 1650 1000;
5 16 L 22 2;
94 <<10p>> 562750 139750 33088 1650 1000;
5 16 L 23 2;
94 <<10p>> 646750 139750 33088 1650 1000;
5 16 L 24 2;
94 <<10p>> 291750 138750 33088 1650 1000;
5 16 L 25 2;
94 <<10p>> 375750 138750 33088 1650 1000;
5 16 L 26 2;
94 <<10p>> 604750 138750 33088 1650 1000;
5 16 L 27 2;
94 <<10p>> 165750 137750 33088 1650 1000;
5 16 L 28 2;
94 <<10p>> 249750 137750 33088 1650 1000;
5 16 L 29 2;
94 <<10p>> 333750 137750 33088 1650 1000;
5 16 L 30 2;
94 <<10p>> 688750 137750 33088 1650 1000;
5 16 L 31 2;
94 <<10p>> 730750 136750 33088 1650 1000;
5 16 L 32 2;
94 <<10p>> 772750 136750 33088 1650 1000;
5 16 L 33 2;
94 <<10p>> 128750 135750 33088 1650 1000;
5 16 L 34 2;
94 <<10p>> 207750 135750 33088 1650 1000;
5 16 L 35 2;
94 <<10p>> 984750 135750 33088 1650 1000;
5 16 L 36 2;
94 <<10p>> 942750 134750 33088 1650 1000;
5 16 L 37 2;
94 <<10p>> 1026750 134750 33088 1650 1000;
5 16 L 38 2;
94 <<10p>> 1068750 134750 33088 1650 1000;
5 16 L 39 2;
94 <<10p>> 1480750 134750 33088 1650 1000;
5 16 L 40 2;
94 <<10p>> 1110750 132750 33088 1650 1000;
5 16 L 41 2;
94 <<10p>> 1152750 132750 33088 1650 1000;
5 16 L 42 2;
94 <<10p>> 1354750 132750 33088 1650 1000;
5 16 L 43 2;
94 <<10p>> 1396750 132750 33088 1650 1000;
5 16 L 44 2;
94 <<10p>> 1438750 132750 33088 1650 1000;
5 16 L 45 2;
94 <<10p>> 1592750 130750 33088 1650 1000;
5 16 L 46 2;
94 <<10p>> 1634750 130750 33088 1650 1000;
5 16 L 47 2;
94 <<10p>> 1676750 130750 33088 1650 1000;
5 16 L 48 2;
94 <<10p>> 1718750 130750 33088 1650 1000;
5 16 L 49 2;
94 <<10p>> 866750 129750 33088 1650 1000;
5 16 I 2 2;
94 <<pwl(0 0 3200p 0 3203p 600u 3206p 0)>> -1715250 -12250 33088 20175 1000;
5 16 R 0 2;
94 <<2>> 1844750 -20500 33088 675 1000;
5 16 I 3 2;
94 <<pwl(0 0 4200p 0 4203p 600u 4206p 0 4350p 0 4353p 600u 4356p 0)>> -1440250 -245250 33088 36375 1000;
5 16 R 1 2;
94 <<2>> 1558750 -659500 33088 675 1000;
5 16 I 4 2;
94 <<pulse(0 600u 1p 2p 2p 1p 50p)>> 186250 -1572250 33024 16125 1000;
DF;
E
* Generated by Xic from cell ERSFQ_FULL_ADDER
.tran 1p 6000p 2000p 0.5p UIC
.plot tran L2.x29#branch L2.x39#branch L4.x4#branch L2.x75#branch "v(80)/2O" "v(99)/2O"
I0 0 119 pwl(0 0 4340p 0 4343p 600u 4346p 0 5550p 0 5553p 600u 5556p 0)
I1 0 69 pwl(0 0 10p 30000u 600p 30000u 800p 27218u)
I2 0 127 pwl(0 0 3200p 0 3203p 600u 3206p 0)
I3 0 131 pwl(0 0 4200p 0 4203p 600u 4206p 0 4350p 0 4353p 600u 4356p 0)
I4 0 144 pulse(0 600u 1p 2p 2p 1p 50p)
L0 69 22 10p
L1 22 23 10p
L2 3 4 10p
L3 6 34 10p
L4 23 26 10p
L5 31 32 10p
L6 32 33 10p
L7 4 6 10p
L8 34 35 10p
L9 35 36 10p
L10 36 40 10p
L11 40 37 10p
L12 37 38 10p
L13 26 27 10p
L14 28 29 10p
L15 38 39 10p
L16 1 2 10p
L17 27 28 10p
L18 33 1 10p
L19 2 3 10p
L20 29 30 10p
L21 30 31 10p
L22 47 48 10p
L23 49 50 10p
L24 44 45 10p
L25 46 47 10p
L26 48 49 10p
L27 41 42 10p
L28 43 44 10p
L29 45 46 10p
L30 50 51 10p
L31 51 52 10p
L32 52 53 10p
L33 39 41 10p
L34 42 43 10p
L35 55 56 10p
L36 54 55 10p
L37 56 57 10p
L38 57 58 10p
L39 63 64 10p
L40 58 59 10p
L41 59 60 10p
L42 60 61 10p
L43 61 62 10p
L44 62 63 10p
L45 64 65 10p
L46 65 66 10p
L47 66 67 10p
L48 67 68 10p
L49 53 54 10p
R0 80 0 2
R1 99 0 2
X0 117 5 1 116 2 3 4 ERSFQ_DFF
X1 118 7 MITLL_JTL
X2 8 6 118 9 ERSFQ_SPLIT
X3 119 120 MITLL_DCSFQ
X4 120 117 MITLL_JTL
X5 116 8 MITLL_JTL
X6 9 10 MITLL_JTL
X7 11 22 23 12 feedingJTL2
X8 13 6 14 feedingJTL
X9 13 6 14 feedingJTL
X10 12 26 27 28 29 15 feedingJTL4
X11 15 30 31 32 33 16 feedingJTL4
X12 16 1 2 3 4 13 feedingJTL4
X13 14 34 35 36 145 37 38 17 feedingJTL6
X14 17 39 18 feedingJTL
X15 18 41 121 feedingJTL
X16 121 42 43 44 45 46 47 19 feedingJTL6
X17 19 48 49 50 51 52 53 20 feedingJTL6
X18 20 54 21 feedingJTL
X19 21 55 56 57 58 59 146 24 feedingJTL6
X20 24 61 62 63 64 25 feedingJTL4
X21 25 65 66 67 68 147 feedingJTL4
X22 78 71 70 122 34 35 36 40 148 38 ERSFQ_XOR
X23 73 7 75 123 55 56 57 58 59 60 ERSFQ_XOR
X24 79 74 65 124 66 67 68 ERSFQ_DFF
X25 72 73 MITLL_JTL
X26 125 71 MITLL_JTL
X27 76 22 125 81 ERSFQ_SPLIT
X28 77 39 72 82 ERSFQ_SPLIT
X29 127 126 MITLL_DCSFQ
X30 126 76 MITLL_JTL
X31 122 77 MITLL_JTL
X32 124 80 MITLL_JTL
X33 81 83 MITLL_JTL
X34 123 79 MITLL_JTL
X35 82 84 MITLL_JTL
X36 83 86 30 128 31 32 33 ERSFQ_DFF
X37 129 78 MITLL_JTL
X38 87 23 129 88 ERSFQ_SPLIT
X39 131 130 MITLL_DCSFQ
X40 130 87 MITLL_JTL
X41 10 84 92 132 48 49 85 51 52 53 54 ERSFQ_AND2
X42 128 89 MITLL_JTL
X43 88 90 MITLL_JTL
X44 132 91 MITLL_JTL
X45 90 94 26 133 93 28 29 ERSFQ_DFF
X46 133 95 MITLL_JTL
X47 97 91 96 134 61 62 63 64 ERSFQ_OR2
X48 89 95 98 135 42 43 41 44 45 46 47 ERSFQ_AND2
X49 135 97 MITLL_JTL
X50 134 99 MITLL_JTL
X51 100 94 86 MITLL_SPLIT
X52 101 5 11 MITLL_SPLIT
X53 102 101 MITLL_JTL
X54 103 100 MITLL_JTL
X55 104 70 MITLL_JTL
X56 105 98 MITLL_JTL
X57 106 92 MITLL_JTL
X58 107 75 MITLL_JTL
X59 108 96 MITLL_JTL
X60 109 74 MITLL_JTL
X61 136 102 103 MITLL_SPLIT
X62 137 104 105 MITLL_SPLIT
X63 138 106 107 MITLL_SPLIT
X64 139 108 109 MITLL_SPLIT
X65 110 136 MITLL_JTL
X66 111 137 MITLL_JTL
X67 112 138 MITLL_JTL
X68 113 139 MITLL_JTL
X69 140 110 111 MITLL_SPLIT
X70 141 112 113 MITLL_SPLIT
X71 114 140 MITLL_JTL
X72 115 141 MITLL_JTL
X73 142 114 115 MITLL_SPLIT
X74 143 142 MITLL_JTL
X75 144 143 MITLL_DCSFQ
.subckt feedingJTL4 CLK BIAS1 BIAS2 BIAS3 BIAS4 CONNECT
X0 CLK BIAS1 BIAS2 7 feedingJTL2
X1 7 BIAS3 BIAS4 CONNECT feedingJTL2
.ends feedingJTL4
.subckt feedingJTL6 CLK BIAS1 BIAS2 BIAS3 BIAS4 BIAS5 BIAS6 CONNECT
X0 CLK BIAS1 BIAS2 9 feedingJTL2
X1 9 BIAS3 BIAS4 10 feedingJTL2
X2 10 BIAS5 BIAS6 CONNECT feedingJTL2
.ends feedingJTL6
.subckt ERSFQ_OR2 IN1 IN2 INCLK OUT BIAS1 BIAS2 BIAS3 BIAS4
B0 9 13 49 jjmit area=4.4
B1 10 14 50 jjmit area=1.1
B2 11 15 51 jjmit area=2
B3 12 16 52 jjmit area=1.2
B4 17 33 53 jjmit area=2.6
B5 18 19 54 jjmit area=2
B6 20 21 55 jjmit area=2
B7 20 37 56 jjmit area=2.5
B8 23 24 57 jjmit area=3.25
B9 24 40 58 jjmit area=3
B10 25 42 59 jjmit area=2
B11 26 44 60 jjmit area=2.5
B12 27 28 61 jjmit area=2
B13 27 47 62 jjmit area=2.5
L0 BIAS1 9 400p
L1 BIAS2 10 400p
L2 BIAS3 11 400p
L3 BIAS4 12 400p
L4 29 13 1p
L5 30 14 1p
L6 31 15 1p
L7 32 16 1p
L8 INCLK 17 2.5p
L9 17 15 3.13p
L10 15 18 1.43p
L11 33 0 0.2p
L12 34 0 1p
L13 35 19 1p
L14 36 21 1p
L15 IN2 20 3p
L16 21 22 1.9p
L17 37 0 0.2p
L18 38 0 1p
L19 39 24 1p
L20 22 13 0.6p
L21 13 23 2.1p
L22 24 14 0.4p
L23 14 19 7.362p
L24 19 25 2.27p
L25 25 16 3.2p
L26 16 26 1.1p
L27 26 OUT 3.291p
L28 46 28 1p
L29 IN1 27 3p
L30 28 22 1.9p
L31 40 0 0.2p
L32 41 0 1p
L33 42 0 0.2p
L34 43 0 1p
L35 44 0 0.2p
L36 45 0 1p
L37 47 0 0.2p
L38 48 0 1p
R0 9 29 1.56
R1 10 30 6.24
R2 11 31 3.43
R3 12 32 5.72
R4 17 34 3.73
R5 18 35 4.85
R6 20 36 4.85
R7 20 38 3.88
R8 23 39 2.98
R9 24 41 3.23
R10 25 43 4.85
R11 26 45 3.88
R12 27 46 4.85
R13 27 48 3.88
.ends ERSFQ_OR2
.subckt feedingJTL2 CLK BIAS1 BIAS2 CONNECT
X0 CLK BIAS1 5 feedingJTL
X1 5 BIAS2 CONNECT feedingJTL
.ends feedingJTL2
.subckt MITLL_DCSFQ IN OUT
B0 3 4 15 jjmit area=2.25
B1 5 10 16 jjmit area=2.25
B2 6 12 17 jjmit area=2.5
I0 0 7 pwl(0 0 5p 275u)
I1 0 8 pwl(0 0 5p 175u)
L0 7 4 0.2p
L1 8 6 0.2p
L2 IN 9 1p
L3 9 3 0.6p
L4 4 5 1.1p
L5 5 6 4.5p
L6 6 OUT 2p
L7 9 0 3.9p
L8 14 4 1p
L9 10 0 0.2p
L10 11 0 1p
L11 12 0 0.2p
L12 13 0 1p
R0 5 11 3.048846408
R1 6 13 2.743961767
R2 3 14 3.048846408
.ends MITLL_DCSFQ
.subckt ERSFQ_XOR IN1 IN2 INCLK OUT BIAS1 BIAS2 BIAS3 BIAS4 BIAS5 BIAS6
B0 11 17 58 jjmit area=2.25
B1 12 18 59 jjmit area=0.6
B2 13 19 60 jjmit area=2.25
B3 14 20 61 jjmit area=0.6
B4 15 21 62 jjmit area=1.8
B5 16 22 63 jjmit area=1.6
B6 21 23 64 jjmit area=1.69
B7 21 41 65 jjmit area=2.17
B8 24 25 66 jjmit area=1.69
B9 27 44 67 jjmit area=1.75
B10 24 46 68 jjmit area=2.5
B11 26 28 69 jjmit area=1.85
B12 29 30 70 jjmit area=1.69
B13 31 50 71 jjmit area=1.63
B14 32 52 72 jjmit area=2.18
B15 33 54 73 jjmit area=1.75
B16 29 56 74 jjmit area=2.5
L0 BIAS1 11 400p
L1 BIAS2 12 400p
L2 BIAS3 13 400p
L3 BIAS4 14 400p
L4 BIAS5 15 400p
L5 BIAS6 16 400p
L6 34 17 1p
L7 35 18 1p
L8 36 19 1p
L9 37 20 1p
L10 38 21 1p
L11 39 22 1p
L12 40 23 1p
L13 INCLK 21 2.436p
L14 43 25 1p
L15 41 0 0.2p
L16 42 0 1p
L17 IN2 27 2.53p
L18 27 19 1p
L19 19 24 2.1p
L20 25 20 1.6p
L21 20 26 1.9p
L22 44 0 0.2p
L23 45 0 1p
L24 46 0 0.2p
L25 47 0 1p
L26 23 31 3.07p
L27 48 28 1p
L28 49 30 1p
L29 28 31 1.422p
L30 31 22 4.047p
L31 22 32 1.047p
L32 32 OUT 2.213p
L33 IN1 33 2.53p
L34 33 17 1p
L35 17 29 2.1p
L36 30 18 1.6p
L37 18 26 1.9p
L38 50 0 0.2p
L39 51 0 1p
L40 52 0 0.2p
L41 53 0 1p
L42 54 0 0.2p
L43 55 0 1p
L44 56 0 0.2p
L45 57 0 1p
R0 11 34 3.05
R1 12 35 11.43
R2 13 36 3.05
R3 14 37 11.43
R4 15 38 3.81
R5 16 39 4.29
R6 21 40 5.4
R7 21 42 4.45
R8 24 43 5.4
R9 27 45 5.54
R10 24 47 3.88
R11 26 48 5.25
R12 29 49 5.4
R13 31 51 6
R14 32 53 4.45
R15 33 55 5.54
R16 29 57 3.88
.ends ERSFQ_XOR
.subckt ERSFQ_DFF IIN ICLK BIAS1 OUT BIAS2 BIAS3 BIAS4
B0 8 9 38 jjmit area=1.14
B1 9 23 39 jjmit area=2.5
B2 10 13 40 jjmit area=0.96
B3 11 15 41 jjmit area=2.6
B4 12 16 42 jjmit area=1.63
B5 14 20 43 jjmit area=1.5
B6 17 18 44 jjmit area=3
B7 19 30 45 jjmit area=2.5
B8 18 32 46 jjmit area=2
B9 20 34 47 jjmit area=2
B10 21 36 48 jjmit area=2.5
L0 BIAS3 8 400p
L1 22 9 0.2p
L2 BIAS2 10 400p
L3 BIAS1 11 400p
L4 ICLK 9 2p
L5 BIAS4 12 400p
L6 9 14 2.8p
L7 23 0 0.2p
L8 24 0 1p
L9 25 13 0.2p
L10 26 15 0.2p
L11 27 16 0.2p
L12 28 20 1p
L13 29 18 0.2p
L14 IIN 19 2p
L15 19 15 1p
L16 15 17 1.9p
L17 18 13 1.5p
L18 13 20 6p
L19 20 16 3p
L20 16 21 1p
L21 21 OUT 2p
L22 30 0 0.2p
L23 31 0 0.5p
L24 32 0 0.2p
L25 33 0 1p
L26 34 0 0.2p
L27 35 0 1p
L28 36 0 0.2p
L29 37 0 1p
R0 8 22 6.02
R1 9 24 3.88
R2 10 25 7.15
R3 11 26 2.64
R4 12 27 4.2
R5 14 28 4.57
R6 17 29 3.43
R7 19 31 3.88
R8 18 33 8.67
R9 20 35 3.43
R10 21 37 3.88
.ends ERSFQ_DFF
.subckt ERSFQ_AND2 IN1 IN2 INCLK OUT BIAS1 BIAS2 BIAS3 BIAS4 BIAS5 BIAS6 BIAS7
B0 12 19 78 jjmit area=2.3
B1 13 20 79 jjmit area=1.2
B2 14 21 80 jjmit area=2.2
B3 15 22 81 jjmit area=1.2
B4 16 23 82 jjmit area=2.3
B5 17 24 83 jjmit area=1.2
B6 18 25 84 jjmit area=0.7
B7 26 52 85 jjmit area=2.175
B8 27 54 86 jjmit area=1.755
B9 28 56 87 jjmit area=1.21
B10 29 31 88 jjmit area=1.05
B11 30 32 89 jjmit area=1.5
B12 33 60 90 jjmit area=1.5
B13 34 62 91 jjmit area=2.25
B14 35 64 92 jjmit area=2.175
B15 36 66 93 jjmit area=1.265
B16 37 68 94 jjmit area=1.38
B17 39 40 95 jjmit area=1.05
B18 32 41 96 jjmit area=1.5
B19 42 72 97 jjmit area=2.175
B20 43 74 98 jjmit area=1.755
B21 44 76 99 jjmit area=1.21
L0 BIAS1 12 400p
L1 BIAS2 13 400p
L2 BIAS3 14 400p
L3 BIAS4 15 400p
L4 BIAS5 16 400p
L5 BIAS6 17 400p
L6 BIAS7 18 400p
L7 45 19 1p
L8 46 20 1p
L9 47 21 1p
L10 48 22 1p
L11 49 23 1p
L12 50 24 1p
L13 51 25 1p
L14 IN1 26 2p
L15 26 23 2.5375p
L16 23 27 2.5375p
L17 27 24 2.054p
L18 24 28 9.521p
L19 28 29 0.148p
L20 29 30 2.844p
L21 52 0 0.2p
L22 53 0 1p
L23 54 0 0.2p
L24 55 0 1p
L25 56 0 0.2p
L26 57 0 1p
L27 58 31 1p
L28 59 32 1p
L29 31 38 2.132p
L30 32 33 0.499p
L31 33 25 0.039p
L32 25 34 2.6p
L33 34 OUT 2.47p
L34 INCLK 35 2p
L35 35 21 2.511p
L36 21 36 2.511p
L37 36 22 0.239p
L38 22 37 1.924p
L39 37 38 0.01p
L40 38 39 2.171p
L41 60 0 0.2p
L42 61 0 1p
L43 62 0 0.2p
L44 63 0 1p
L45 64 0 0.2p
L46 65 0 1p
L47 66 0 0.2p
L48 67 0 1p
L49 68 0 0.2p
L50 69 0 1p
L51 70 40 1p
L52 71 41 1p
L53 40 41 2.904p
L54 IN2 42 2p
L55 42 19 2.4p
L56 19 43 2.4p
L57 43 20 2.057p
L58 20 44 9.521p
L59 44 40 0.179p
L60 72 0 0.2p
L61 73 0 1p
L62 74 0 0.2p
L63 75 0 1p
L64 76 0 0.2p
L65 77 0 1p
R0 12 45 4.22
R1 13 46 8.08
R2 14 47 4.41
R3 15 48 8.08
R4 16 49 4.22
R5 17 50 8.08
R6 18 51 13.86
R7 26 53 4.4
R8 27 55 5.5
R9 28 57 7.8
R10 29 58 9.6
R11 30 59 6.5
R12 33 61 6.5
R13 34 63 4.3
R14 35 65 4.4
R15 36 67 7.7
R16 37 69 6.7
R17 39 70 9.6
R18 32 71 6.5
R19 42 73 4.4
R20 43 75 5.5
R21 44 77 7.8
.ends ERSFQ_AND2
.subckt feedingJTL CLK BIAS CONNECT
B0 4 8 12 jjmit area=2.5
B1 CONNECT 10 13 jjmit area=2.5
B2 6 5 14 jjmit area=3.5
L0 7 0 1p
L1 8 0 0.2p
L2 9 0 1p
L3 10 0 0.2p
L4 4 CLK 2p
L5 5 4 2p
L6 CONNECT 5 2p
L7 11 5 1p
L8 BIAS 6 400p
R0 4 7 3.88
R1 CONNECT 9 3.88
R2 6 11 1.96
.ends feedingJTL
.subckt MITLL_JTL IN OUT
B0 3 7 11 jjmit area=2.5
B1 4 9 12 jjmit area=2.5
I0 0 5 pwl(0 0 5p 350u)
L0 5 6 1p
L1 IN 3 2p
L2 3 6 2p
L3 6 4 2p
L4 4 OUT 2p
L5 7 0 0.2p
L6 8 0 1p
L7 9 0 0.2p
L8 10 0 1p
R0 3 8 3.88
R1 4 10 3.88
.ends MITLL_JTL
.subckt MITLL_SPLIT IIN OUT1 OUT2
B0 5 9 16 jjmit area=2.5
B1 6 12 17 jjmit area=3.25
B2 7 14 18 jjmit area=2.5
I0 0 8 pwl(0 0 5p 569u)
L0 4 5 1.9p
L1 5 OUT1 2p
L2 8 11 0.2p
L3 9 0 0.2p
L4 10 0 1p
L5 IIN 6 1.4p
L6 6 11 2p
L7 11 4 0.4p
L8 12 0 0.2p
L9 13 0 1p
L10 4 7 1.9p
L11 7 OUT2 2p
L12 14 0 0.2p
L13 15 0 1p
R0 5 10 3.88
R1 6 13 2.98
R2 7 15 3.88
.ends MITLL_SPLIT
.subckt ERSFQ_SPLIT IIN BIAS1 OUT1 OUT2
B0 5 8 18 jjmit area=5.69
B1 7 12 19 jjmit area=2.5
B2 9 14 20 jjmit area=3.25
B3 10 16 21 jjmit area=2.5
L0 BIAS1 5 400p
L1 6 7 1.9p
L2 7 OUT1 2p
L3 11 8 1p
L4 12 0 0.2p
L5 13 0 1p
L6 IIN 9 1.4p
L7 9 8 2p
L8 8 6 0.4p
L9 14 0 0.2p
L10 15 0 1p
L11 6 10 1.9p
L12 10 OUT2 2p
L13 16 0 0.2p
L14 17 0 1p
R0 5 11 1.7
R1 7 13 3.88
R2 9 15 2.98
R3 10 17 3.88
.ends ERSFQ_SPLIT
.model jjmit jj(rtype=1, vg=2.8mV, cap=0.07pF, r0=160, rn=16, icrit=0.1mA)

* YBCO
.save @I0.X29[c]
.save @I1.X29[c]
.save @I0.X39[c]
.save @I1.X39[c]
.save @I0.X3[c]
.save @I1.X3[c]
.save @I0.X75[c]
.save @I1.X75[c]
.save @I0.X59[c]
.save @I0.X65[c]
.save @I0.X1[c]
.save @I0.X50[c]
.save @I0.X30[c]
.save @I0.X35[c]
.save @I0.X60[c]
.save @I0.X43[c]
.save @I0.X72[c]
.save @I0.X32[c]
.save @I0.X74[c]
.save @I0.X57[c]
.save @I0.X58[c]
.save @I0.X37[c]
.save @I0.X42[c]
.save @I0.X5[c]
.save @I0.X68[c]
.save @I0.X71[c]
.save @I0.X53[c]
.save @I0.X40[c]
.save @I0.X66[c]
.save @I0.X54[c]
.save @I0.X34[c]
.save @I0.X26[c]
.save @I0.X25[c]
.save @I0.X67[c]
.save @I0.X56[c]
.save @I0.X55[c]
.save @I0.X46[c]
.save @I0.X31[c]
.save @I0.X6[c]
.save @I0.X44[c]
.save @I0.X33[c]
.save @I0.X4[c]
.save @I0.X49[c]
.save @I0.X63[c]
.save @I0.X61[c]
.save @I0.X51[c]
.save @I0.X64[c]
.save @I0.X69[c]
.save @I0.X70[c]
.save @I0.X52[c]
.save @I0.X73[c]
.save @I0.X62[c]
.save @I3[c]
.save @I1[c]
.save @I2[c]
.save @I0[c]
.save @I4[c]
