(Symbol ERSFQ_MERGE);
($Id:$);
(PHYSICAL);
(RESOLUTION 1000);
9 ERSFQ_MERGE;
DS 0 1 1;
DF;
E
(ELECTRICAL);
(RESOLUTION 1000);
5 10 1 0 -40000 28000 0x0 IN1;
5 10 2 1 -40000 -3000 0x0 IN2;
5 10 3 2 -39000:-40000 95000:62000 0x0 IBIAS;
5 10 4 3 42000 12000 0x0 OUT;
5 11 X 0 subckt;
9 ERSFQ_MERGE;
DS 0 1 1;
(SymbolCall gnd);
5 10 0 0 -5000 115000;
1 Bound -6000 115000 -4000 117600;
( Rotate 180 );
9 gnd;
C 0 R -1 0 T -4000 116000;
(SymbolCall gnd);
5 10 0 0 1000 115000;
1 Bound 0 115000 2000 117600;
( Rotate 180 );
9 gnd;
C 0 R -1 0 T 2000 116000;
(SymbolCall gnd);
5 10 0 0 21000 115000;
1 Bound 20000 115000 22000 117600;
( Rotate 180 );
9 gnd;
C 0 R -1 0 T 22000 116000;
(SymbolCall gnd);
5 10 0 0 27000 115000;
1 Bound 26000 115000 28000 117600;
( Rotate 180 );
9 gnd;
C 0 R -1 0 T 28000 116000;
(SymbolCall gnd);
5 10 0 0 -10000 52000;
1 Bound -11000 49400 -9000 52000;
9 gnd;
C 0 T -11000 51000;
(SymbolCall gnd);
5 10 0 0 -30000 8000;
1 Bound -31000 5400 -29000 8000;
9 gnd;
C 0 T -31000 7000;
(SymbolCall gnd);
5 10 0 0 -24000 8000;
1 Bound -25000 5400 -23000 8000;
9 gnd;
C 0 T -25000 7000;
(SymbolCall gnd);
5 10 0 0 26000 -8000;
1 Bound 25000 -10600 27000 -8000;
9 gnd;
C 0 T 25000 -9000;
(SymbolCall gnd);
5 10 0 0 32000 -8000;
1 Bound 31000 -10600 33000 -8000;
9 gnd;
C 0 T 31000 -9000;
(SymbolCall gnd);
5 10 0 0 -30000 -23000;
1 Bound -31000 -25600 -29000 -23000;
9 gnd;
C 0 T -31000 -24000;
(SymbolCall gnd);
5 10 0 0 -24000 -23000;
1 Bound -25000 -25600 -23000 -23000;
9 gnd;
C 0 T -25000 -24000;
(SymbolCall ind);
5 10 0 1 -5000 115000 L0-;
5 10 17 0 -5000 105000 L0+;
5 15 -6000 106000 0 1;
5 11 L 0;
5 2 0.2p;
1 Bound -6500 105000 -5000 115000;
( Rotate 180 );
9 ind;
C 0 R -1 0 T -4000 115000;
(SymbolCall ind);
5 10 0 1 1000 115000 L1-;
5 10 18 0 1000 105000 L1+;
5 15 0 106000 0 1;
5 11 L 1;
5 2 1p;
1 Bound -500 105000 1000 115000;
( Rotate 180 );
9 ind;
C 0 R -1 0 T 2000 115000;
(SymbolCall ind);
5 10 0 1 21000 115000 L2-;
5 10 19 0 21000 105000 L2+;
5 15 20000 106000 0 1;
5 11 L 2;
5 2 0.2p;
1 Bound 19500 105000 21000 115000;
( Rotate 180 );
9 ind;
C 0 R -1 0 T 22000 115000;
(SymbolCall ind);
5 10 0 1 27000 115000 L3-;
5 10 20 0 27000 105000 L3+;
5 15 26000 106000 0 1;
5 11 L 3;
5 2 1p;
1 Bound 25500 105000 27000 115000;
( Rotate 180 );
9 ind;
C 0 R -1 0 T 28000 115000;
(SymbolCall ind);
5 10 5 1 -5000 95000 L4-;
5 10 3 0 -15000 95000 L4+;
5 15 -14000 96000 1 0;
5 11 L 4;
5 2 2p;
1 Bound -15000 95000 -5000 96500;
( Rotate 90 );
9 ind;
C 0 R 0 1 T -5000 94000;
(SymbolCall ind);
5 10 6 1 11000 95000 L5-;
5 10 5 0 1000 95000 L5+;
5 15 2000 96000 1 0;
5 11 L 5;
5 2 2p;
1 Bound 1000 95000 11000 96500;
( Rotate 90 );
9 ind;
C 0 R 0 1 T 11000 94000;
(SymbolCall ind);
5 10 7 1 21000 95000 L6-;
5 10 6 0 11000 95000 L6+;
5 15 12000 96000 1 0;
5 11 L 6;
5 2 2p;
1 Bound 11000 95000 21000 96500;
( Rotate 90 );
9 ind;
C 0 R 0 1 T 21000 94000;
(SymbolCall ind);
5 2 0.2p;
5 10 6 1 4000 82000 L7-;
5 10 21 0 4000 72000 L7+;
5 15 3000 73000 0 1;
5 11 L 7;
1 Bound 2500 72000 4000 82000;
( Rotate 180 );
9 ind;
C 0 R -1 0 T 5000 82000;
(SymbolCall ind);
5 10 8 1 10000 62000 L8-;
5 10 22 0 10000 52000 L8+;
5 15 9000 53000 0 1;
5 11 L 8;
5 2 400p;
1 Bound 8500 52000 10000 62000;
( Rotate 180 );
9 ind;
C 0 R -1 0 T 11000 62000;
(SymbolCall ind);
5 10 22 1 10000 52000 L9-;
5 10 23 0 0 52000 L9+;
5 15 1000 53000 1 0;
5 2 10p;
5 11 L 9;
1 Bound 0 52000 10000 53500;
( Rotate 90 );
9 ind;
C 0 R 0 1 T 10000 51000;
(SymbolCall ind);
5 10 9 1 10000 42000 L10-;
5 10 22 0 10000 52000 L10+;
5 15 11000 51000 0 -1;
5 2 400p;
5 11 L 10;
1 Bound 10000 42000 11500 52000;
9 ind;
C 0 T 9000 42000;
(SymbolCall ind);
5 10 11 1 -4000 34000 L11-;
5 10 25 0 -14000 34000 L11+;
5 15 -13000 35000 1 0;
5 2 1p;
5 11 L 11;
1 Bound -14000 34000 -4000 35500;
( Rotate 90 );
9 ind;
C 0 R 0 1 T -4000 33000;
(SymbolCall ind);
5 10 12 1 16000 22000 L12-;
5 10 24 0 16000 32000 L12+;
5 15 17000 31000 0 -1;
5 2 1p;
5 11 L 12;
1 Bound 16000 22000 17500 32000;
9 ind;
C 0 T 15000 22000;
(SymbolCall ind);
5 10 10 1 -30000 28000 L13-;
5 10 1 0 -40000 28000 L13+;
5 15 -39000 29000 1 0;
5 2 2p;
5 11 L 13;
1 Bound -40000 28000 -30000 29500;
( Rotate 90 );
9 ind;
C 0 R 0 1 T -30000 27000;
(SymbolCall ind);
5 10 13 1 6000 28000 L14-;
5 10 11 0 -4000 28000 L14+;
5 15 -3000 29000 1 0;
5 2 0.7p;
5 11 L 14;
1 Bound -4000 28000 6000 29500;
( Rotate 90 );
9 ind;
C 0 R 0 1 T 6000 27000;
(SymbolCall ind);
5 10 0 1 -30000 8000 L15-;
5 10 26 0 -30000 18000 L15+;
5 15 -29000 17000 0 -1;
5 2 0.2p;
5 11 L 15;
1 Bound -30000 8000 -28500 18000;
9 ind;
C 0 T -31000 8000;
(SymbolCall ind);
5 10 0 1 -24000 8000 L16-;
5 10 27 0 -24000 18000 L16+;
5 15 -23000 17000 0 -1;
5 2 1p;
5 11 L 16;
1 Bound -24000 8000 -22500 18000;
9 ind;
C 0 T -25000 8000;
(SymbolCall ind);
5 10 12 1 16000 12000 L17-;
5 10 13 0 6000 12000 L17+;
5 15 7000 13000 1 0;
5 2 0.25p;
5 11 L 17;
1 Bound 6000 12000 16000 13500;
( Rotate 90 );
9 ind;
C 0 R 0 1 T 16000 11000;
(SymbolCall ind);
5 10 14 1 26000 12000 L18-;
5 10 12 0 16000 12000 L18+;
5 15 17000 13000 1 0;
5 2 2.9p;
5 11 L 18;
1 Bound 16000 12000 26000 13500;
( Rotate 90 );
9 ind;
C 0 R 0 1 T 26000 11000;
(SymbolCall ind);
5 10 4 1 42000 12000 L19-;
5 10 14 0 32000 12000 L19+;
5 15 33000 13000 1 0;
5 2 2p;
5 11 L 19;
1 Bound 32000 12000 42000 13500;
( Rotate 90 );
9 ind;
C 0 R 0 1 T 42000 11000;
(SymbolCall ind);
5 10 16 1 -4000 3000 L20-;
5 10 30 0 -14000 3000 L20+;
5 15 -13000 4000 1 0;
5 2 1p;
5 11 L 20;
1 Bound -14000 3000 -4000 4500;
( Rotate 90 );
9 ind;
C 0 R 0 1 T -4000 2000;
(SymbolCall ind);
5 10 0 1 26000 -8000 L21-;
5 10 28 0 26000 2000 L21+;
5 15 27000 1000 0 -1;
5 2 0.2p;
5 11 L 21;
1 Bound 26000 -8000 27500 2000;
9 ind;
C 0 T 25000 -8000;
(SymbolCall ind);
5 10 0 1 32000 -8000 L22-;
5 10 29 0 32000 2000 L22+;
5 15 33000 1000 0 -1;
5 2 1p;
5 11 L 22;
1 Bound 32000 -8000 33500 2000;
9 ind;
C 0 T 31000 -8000;
(SymbolCall ind);
5 10 15 1 -30000 -3000 L23-;
5 10 2 0 -40000 -3000 L23+;
5 15 -39000 -2000 1 0;
5 2 2p;
5 11 L 23;
1 Bound -40000 -3000 -30000 -1500;
( Rotate 90 );
9 ind;
C 0 R 0 1 T -30000 -4000;
(SymbolCall ind);
5 10 13 1 6000 -3000 L24-;
5 10 16 0 -4000 -3000 L24+;
5 15 -3000 -2000 1 0;
5 2 0.7p;
5 11 L 24;
1 Bound -4000 -3000 6000 -1500;
( Rotate 90 );
9 ind;
C 0 R 0 1 T 6000 -4000;
(SymbolCall ind);
5 10 0 1 -30000 -23000 L25-;
5 10 31 0 -30000 -13000 L25+;
5 15 -29000 -14000 0 -1;
5 2 0.2p;
5 11 L 25;
1 Bound -30000 -23000 -28500 -13000;
9 ind;
C 0 T -31000 -23000;
(SymbolCall ind);
5 10 0 1 -24000 -23000 L26-;
5 10 32 0 -24000 -13000 L26+;
5 15 -23000 -14000 0 -1;
5 2 1p;
5 11 L 26;
1 Bound -24000 -23000 -22500 -13000;
9 ind;
C 0 T -25000 -23000;
(SymbolCall isrc);
5 10 23 1 0 52000 I0_1;
5 10 0 0 -10000 52000 I0_0;
5 15 -4000 52000 1 0 @<name>[c];
5 2 pwl(0 0 5p 900u);
5 11 I 0;
5 5 nophys;
1 Bound -10000 50000 0 54000;
( Rotate 90 );
9 isrc;
C 0 R 0 1 T 0 50000;
(SymbolCall jj);
5 1 jjmit;
5 10 33 2 2000 97000 B0_2;
5 10 18 1 1000 105000 B0-;
5 10 5 0 1000 95000 B0+;
5 11 B 0;
5 3 area=2.5;
1 Bound -500 95000 2500 105000;
( Rotate 180 );
9 jj;
C 0 R -1 0 T 2000 105000;
(SymbolCall jj);
5 1 jjmit;
5 10 34 2 28000 97000 B1_2;
5 10 20 1 27000 105000 B1-;
5 10 7 0 27000 95000 B1+;
5 11 B 1;
5 3 area=2.5;
1 Bound 25500 95000 28500 105000;
( Rotate 180 );
9 jj;
C 0 R -1 0 T 28000 105000;
(SymbolCall jj);
5 1 jjmit;
5 10 35 2 11000 64000 B2_2;
5 10 6 1 10000 72000 B2-;
5 10 8 0 10000 62000 B2+;
5 3 area=3.5;
5 11 B 2;
1 Bound 8500 62000 11500 72000;
( Rotate 180 );
9 jj;
C 0 R -1 0 T 11000 72000;
(SymbolCall jj);
5 1 jjmit;
5 10 36 2 9000 40000 B3_2;
5 10 12 1 10000 32000 B3-;
5 10 9 0 10000 42000 B3+;
5 3 area=5.5;
5 11 B 3;
1 Bound 8500 32000 11500 42000;
9 jj;
C 0 T 9000 32000;
(SymbolCall jj);
5 1 jjmit;
5 10 37 2 -22000 27000 B4_2;
5 10 11 1 -14000 28000 B4-;
5 10 10 0 -24000 28000 B4+;
5 3 area=2;
5 11 B 4;
1 Bound -24000 26500 -14000 29500;
( Rotate 90 );
9 jj;
C 0 R 0 1 T -14000 27000;
(SymbolCall jj);
5 1 jjmit;
5 10 38 2 -31000 26000 B5_2;
5 10 26 1 -30000 18000 B5-;
5 10 10 0 -30000 28000 B5+;
5 3 area=2.5;
5 11 B 5;
1 Bound -31500 18000 -28500 28000;
9 jj;
C 0 T -31000 18000;
(SymbolCall jj);
5 1 jjmit;
5 10 39 2 25000 10000 B6_2;
5 10 28 1 26000 2000 B6-;
5 10 14 0 26000 12000 B6+;
5 3 area=3.5;
5 11 B 6;
1 Bound 24500 2000 27500 12000;
9 jj;
C 0 T 25000 2000;
(SymbolCall jj);
5 1 jjmit;
5 10 40 2 -22000 -4000 B7_2;
5 10 16 1 -14000 -3000 B7-;
5 10 15 0 -24000 -3000 B7+;
5 3 area=2;
5 11 B 7;
1 Bound -24000 -4500 -14000 -1500;
( Rotate 90 );
9 jj;
C 0 R 0 1 T -14000 -4000;
(SymbolCall jj);
5 1 jjmit;
5 10 41 2 -31000 -5000 B8_2;
5 10 31 1 -30000 -13000 B8-;
5 10 15 0 -30000 -3000 B8+;
5 3 area=2.5;
5 11 B 8;
1 Bound -31500 -13000 -28500 -3000;
9 jj;
C 0 T -31000 -13000;
(SymbolCall res);
5 10 17 1 -5000 105000 R0-;
5 10 5 0 -5000 95000 R0+;
5 15 -4000 96000 0 1 "<v>/<value>O";
5 11 R 0;
5 2 3.88;
1 Bound -6000 95000 -3750 105000;
( Rotate 180 );
9 res;
C 0 R -1 0 T -5000 95000;
(SymbolCall res);
5 10 19 1 21000 105000 R1-;
5 10 7 0 21000 95000 R1+;
5 15 22000 96000 0 1 "<v>/<value>O";
5 11 R 1;
5 2 3.88;
1 Bound 20000 95000 22250 105000;
( Rotate 180 );
9 res;
C 0 R -1 0 T 21000 95000;
(SymbolCall res);
5 10 21 1 4000 72000 R2-;
5 10 8 0 4000 62000 R2+;
5 15 5000 63000 0 1 "<v>/<value>O";
5 2 2.77;
5 11 R 2;
1 Bound 3000 62000 5250 72000;
( Rotate 180 );
9 res;
C 0 R -1 0 T 4000 62000;
(SymbolCall res);
5 10 24 1 16000 32000 R3-;
5 10 9 0 16000 42000 R3+;
5 15 15000 41000 0 -1 "<v>/<value>O";
5 2 1.25;
5 11 R 3;
1 Bound 14750 32000 17000 42000;
9 res;
C 0 T 16000 42000;
(SymbolCall res);
5 10 25 1 -14000 34000 R4-;
5 10 10 0 -24000 34000 R4+;
5 15 -23000 33000 1 0 "<v>/<value>O";
5 2 4.85;
5 11 R 4;
1 Bound -24000 32750 -14000 35000;
( Rotate 90 );
9 res;
C 0 R 0 1 T -24000 34000;
(SymbolCall res);
5 10 27 1 -24000 18000 R5-;
5 10 10 0 -24000 28000 R5+;
5 15 -25000 27000 0 -1 "<v>/<value>O";
5 2 3.88;
5 11 R 5;
1 Bound -25250 18000 -23000 28000;
9 res;
C 0 T -24000 28000;
(SymbolCall res);
5 10 29 1 32000 2000 R6-;
5 10 14 0 32000 12000 R6+;
5 15 31000 11000 0 -1 "<v>/<value>O";
5 2 3.23;
5 11 R 6;
1 Bound 30750 2000 33000 12000;
9 res;
C 0 T 32000 12000;
(SymbolCall res);
5 10 30 1 -14000 3000 R7-;
5 10 15 0 -24000 3000 R7+;
5 15 -23000 2000 1 0 "<v>/<value>O";
5 2 4.85;
5 11 R 7;
1 Bound -24000 1750 -14000 4000;
( Rotate 90 );
9 res;
C 0 R 0 1 T -24000 3000;
(SymbolCall res);
5 10 32 1 -24000 -13000 R8-;
5 10 15 0 -24000 -3000 R8+;
5 15 -25000 -4000 0 -1 "<v>/<value>O";
5 2 3.88;
5 11 R 8;
1 Bound -25250 -13000 -23000 -3000;
9 res;
C 0 T -24000 -3000;
L SCED;
5 10 3;
W2 0 -15000 95000 -39000 95000;
5 10 5;
W2 0 -5000 95000 1000 95000;
5 10 6;
W2 0 11000 95000 11000 82000 10000 82000 4000 82000;
5 10 7;
W2 0 21000 95000 27000 95000;
5 10 6;
W2 0 10000 72000 10000 82000;
5 10 8;
W2 0 10000 62000 4000 62000;
5 10 9;
W2 0 10000 42000 16000 42000;
5 10 10;
W2 0 -24000 34000 -24000 28000 -30000 28000;
5 10 11;
W2 0 -4000 34000 -4000 28000 -14000 28000;
5 10 12;
W2 0 10000 32000 10000 22000 16000 22000 16000 12000;
5 10 13;
W2 0 6000 28000 6000 12000 6000 -3000;
5 10 14;
W2 0 26000 12000 32000 12000;
5 10 15;
W2 0 -30000 -3000 -24000 -3000 -24000 3000;
5 10 16;
W2 0 -14000 -3000 -4000 -3000 -4000 3000;
L NAME;
5 16 L 0 11;
94 <<L0>> -6750 113750 320 1275 1000;
5 16 L 1 11;
94 <<L1>> -750 113750 320 1050 1000;
5 16 L 2 11;
94 <<L2>> 19250 113750 320 1275 1000;
5 16 L 3 11;
94 <<L3>> 25250 113750 320 1275 1000;
5 16 R 0 11;
94 <<R0>> -6250 103750 320 1275 1000;
5 16 B 0 11;
94 <<B0>> -750 103750 320 1275 1000;
5 16 R 1 11;
94 <<R1>> 19750 103750 320 1050 1000;
5 16 B 1 11;
94 <<B1>> 25250 103750 320 1050 1000;
5 16 L 4 11;
94 <<L4>> -14750 96750 0 1275 1000;
5 16 L 5 11;
94 <<L5>> 1250 96750 0 1275 1000;
5 16 L 6 11;
94 <<L6>> 11250 96750 0 1275 1000;
5 16 L 7 11;
94 <<L7>> 2250 80750 320 1275 1000;
5 16 R 2 11;
94 <<R2>> 2750 70750 320 1275 1000;
5 16 B 2 11;
94 <<B2>> 8250 70750 320 1275 1000;
5 16 L 8 11;
94 <<L8>> 8250 60750 320 1275 1000;
5 16 I 0 11;
94 <<I0>> -9750 54250 0 975 1000;
5 16 L 9 11;
94 <<L9>> 250 53750 0 1275 1000;
5 16 L 10 11;
94 <<L10>> 9750 50750 320 1650 1000;
5 16 B 3 11;
94 <<B3>> 8250 40750 320 1275 1000;
5 16 R 3 11;
94 <<R3>> 14500 40750 320 1275 1000;
5 16 L 11 11;
94 <<L11>> -13750 35750 0 1425 1000;
5 16 R 4 11;
94 <<R4>> -23750 35250 0 1275 1000;
5 16 L 13 11;
94 <<L13>> -39750 29750 0 1650 1000;
5 16 B 4 11;
94 <<B4>> -23750 29750 0 1275 1000;
5 16 L 14 11;
94 <<L14>> -3750 29750 0 1650 1000;
5 16 L 12 11;
94 <<L12>> 15750 30750 320 1650 1000;
5 16 B 5 11;
94 <<B5>> -31750 26750 320 1275 1000;
5 16 R 5 11;
94 <<R5>> -25500 26750 320 1275 1000;
5 16 L 15 11;
94 <<L15>> -30250 16750 320 1650 1000;
5 16 L 16 11;
94 <<L16>> -24250 16750 320 1650 1000;
5 16 L 17 11;
94 <<L17>> 6250 13750 0 1650 1000;
5 16 L 18 11;
94 <<L18>> 16250 13750 0 1650 1000;
5 16 L 19 11;
94 <<L19>> 32250 13750 0 1650 1000;
5 16 B 6 11;
94 <<B6>> 24250 10750 320 1275 1000;
5 16 R 6 11;
94 <<R6>> 30500 10750 320 1275 1000;
5 16 L 20 11;
94 <<L20>> -13750 4750 0 1875 1000;
5 16 R 7 11;
94 <<R7>> -23750 4250 0 1275 1000;
5 16 L 21 11;
94 <<L21>> 25750 750 320 1650 1000;
5 16 L 22 11;
94 <<L22>> 31750 750 320 1875 1000;
5 16 L 23 11;
94 <<L23>> -39750 -1250 0 1875 1000;
5 16 B 7 11;
94 <<B7>> -23750 -1250 0 1275 1000;
5 16 L 24 11;
94 <<L24>> -3750 -1250 0 1875 1000;
5 16 B 8 11;
94 <<B8>> -31750 -4250 320 1275 1000;
5 16 R 8 11;
94 <<R8>> -25500 -4250 320 1275 1000;
5 16 L 25 11;
94 <<L25>> -30250 -14250 320 1875 1000;
5 16 L 26 11;
94 <<L26>> -24250 -14250 320 1875 1000;
L MODL;
5 16 B 0 1;
94 <<jjmit>> 2750 104750 256 2550 1000;
5 16 B 1 1;
94 <<jjmit>> 28750 104750 256 2550 1000;
5 16 B 2 1;
94 <<jjmit>> 11750 71750 256 2550 1000;
5 16 B 3 1;
94 <<jjmit>> 11750 41750 256 2550 1000;
5 16 B 5 1;
94 <<jjmit>> -28250 27750 256 2550 1000;
5 16 B 4 1;
94 <<jjmit>> -14250 26250 320 2550 1000;
5 16 B 6 1;
94 <<jjmit>> 27750 11750 256 2550 1000;
5 16 B 8 1;
94 <<jjmit>> -28250 -3250 256 2550 1000;
5 16 B 7 1;
94 <<jjmit>> -14250 -4750 320 2550 1000;
L VALU;
5 16 L 0 2;
94 <<0.2p>> -4750 114750 33024 2100 1000;
5 16 L 1 2;
94 <<1p>> 1250 114750 33024 1050 1000;
5 16 L 2 2;
94 <<0.2p>> 21250 114750 33024 2100 1000;
5 16 L 3 2;
94 <<1p>> 27250 114750 33024 1050 1000;
5 16 R 0 2;
94 <<3.88>> -3500 104750 33024 2100 1000;
5 16 R 1 2;
94 <<3.88>> 22500 104750 33024 2100 1000;
5 16 L 4 2;
94 <<2p>> -5250 94750 33088 1275 1000;
5 16 L 5 2;
94 <<2p>> 10750 94750 33088 1275 1000;
5 16 L 6 2;
94 <<2p>> 20750 94750 33088 1275 1000;
5 16 L 7 2;
94 <<0.2p>> 4250 81750 33024 2100 1000;
5 16 R 2 2;
94 <<2.77>> 5500 71750 33024 2100 1000;
5 16 L 8 2;
94 <<400p>> 10250 61750 33024 2475 1000;
5 16 L 9 2;
94 <<10p>> 9750 51750 33088 1650 1000;
5 16 L 10 2;
94 <<400p>> 11750 51750 33024 2475 1000;
5 16 I 0 2;
94 <<pwl(0 0 5p 900u)>> -250 49750 33088 8775 1000;
5 16 R 3 2;
94 <<1.25>> 17250 41750 33024 1875 1000;
5 16 L 11 2;
94 <<1p>> -4250 33750 33088 1050 1000;
5 16 R 4 2;
94 <<4.85>> -14250 32500 33088 2100 1000;
5 16 L 12 2;
94 <<1p>> 17750 31750 33024 1050 1000;
5 16 L 13 2;
94 <<2p>> -30250 27750 33088 1275 1000;
5 16 R 5 2;
94 <<3.88>> -22750 27750 33024 2100 1000;
5 16 L 14 2;
94 <<0.7p>> 5750 27750 33088 2100 1000;
5 16 L 15 2;
94 <<0.2p>> -28250 17750 33024 2100 1000;
5 16 L 16 2;
94 <<1p>> -22250 17750 33024 1050 1000;
5 16 L 17 2;
94 <<0.25p>> 15750 11750 33088 2700 1000;
5 16 L 18 2;
94 <<2.9p>> 25750 11750 33088 2100 1000;
5 16 R 6 2;
94 <<3.23>> 33250 11750 33024 2100 1000;
5 16 L 19 2;
94 <<2p>> 41750 11750 33088 1275 1000;
5 16 L 20 2;
94 <<1p>> -4250 2750 33088 1050 1000;
5 16 L 21 2;
94 <<0.2p>> 27750 1750 33024 2100 1000;
5 16 L 22 2;
94 <<1p>> 33750 1750 33024 1050 1000;
5 16 R 7 2;
94 <<4.85>> -14250 1500 33088 2100 1000;
5 16 L 23 2;
94 <<2p>> -30250 -3250 33088 1275 1000;
5 16 R 8 2;
94 <<3.88>> -22750 -3250 33024 2100 1000;
5 16 L 24 2;
94 <<0.7p>> 5750 -3250 33088 2100 1000;
5 16 L 25 2;
94 <<0.2p>> -28250 -13250 33024 2100 1000;
5 16 L 26 2;
94 <<1p>> -22250 -13250 33024 1050 1000;
L PARM;
5 16 B 0 3;
94 <<area=2.5>> 2750 95250 32768 4425 1000;
5 16 B 1 3;
94 <<area=2.5>> 28750 95250 32768 4425 1000;
5 16 B 2 3;
94 <<area=3.5>> 11750 62250 32768 4425 1000;
5 16 B 3 3;
94 <<area=5.5>> 11750 32250 32768 4425 1000;
5 16 B 4 3;
94 <<area=2>> -23750 25250 33024 3600 1000;
5 16 B 5 3;
94 <<area=2.5>> -28250 18250 32768 4425 1000;
5 16 B 6 3;
94 <<area=3.5>> 27750 2250 32768 4425 1000;
5 16 B 7 3;
94 <<area=2>> -23750 -5750 33024 3600 1000;
5 16 B 8 3;
94 <<area=2.5>> -28250 -12750 32768 4425 1000;
DF;
E
* Generated by Xic from cell ERSFQ_MERGE
.tran 0.5p 100p 0 0.25p UIC
B0 5 18 33 jjmit area=2.5
B1 7 20 34 jjmit area=2.5
B2 8 6 35 jjmit area=3.5
B3 9 12 36 jjmit area=5.5
B4 10 11 37 jjmit area=2
B5 10 26 38 jjmit area=2.5
B6 14 28 39 jjmit area=3.5
B7 15 16 40 jjmit area=2
B8 15 31 41 jjmit area=2.5
I0 0 23 pwl(0 0 5p 900u)
L0 17 0 0.2p
L1 18 0 1p
L2 19 0 0.2p
L3 20 0 1p
L4 IBIAS 5 2p
L5 5 6 2p
L6 6 7 2p
L7 21 6 0.2p
L8 22 8 400p
L9 23 22 10p
L10 22 9 400p
L11 25 11 1p
L12 24 12 1p
L13 IN1 10 2p
L14 11 13 0.7p
L15 26 0 0.2p
L16 27 0 1p
L17 13 12 0.25p
L18 12 14 2.9p
L19 14 OUT 2p
L20 30 16 1p
L21 28 0 0.2p
L22 29 0 1p
L23 IN2 15 2p
L24 16 13 0.7p
L25 31 0 0.2p
L26 32 0 1p
R0 5 17 3.88
R1 7 19 3.88
R2 8 21 2.77
R3 9 24 1.25
R4 10 25 4.85
R5 10 27 3.88
R6 14 29 3.23
R7 15 30 4.85
R8 15 32 3.88
.model jjmit jj(rtype=1, vg=2.8mV, cap=0.07pF, r0=160, rn=16, icrit=0.1mA)

* YBCO
.save @I0[c]
