(Symbol ERSFQ_MERGE);
($Id:$);
(xic.exe 4.3.5 Win32 i386 05/11/2018 10:13 GMT);
(PHYSICAL);
(RESOLUTION 1000);
( CREATED 5/11/2018 10:13:31, MODIFIED 5/11/2018 10:13:31 );
9 ERSFQ_MERGE;
DS 0 1 1;
DF;
E
(ELECTRICAL);
(RESOLUTION 1000);
5 7101 tran 0.5p 1000p 0 0.25p UIC;
5 10 1 0 -40000 28000 0x0 IN1;
5 10 2 1 -40000 -3000 0x0 IN2;
5 10 3 2 42000 12000 0x0 OUT;
5 10 4 3 10000 52000 0x0 BIAS1;
5 11 X 0 subckt;
9 ERSFQ_MERGE;
DS 0 1 1;
(SymbolCall gnd);
5 10 0 0 -30000 8000;
1 Bound -31000 5400 -29000 8000;
9 gnd;
C 0 T -31000 7000;
(SymbolCall gnd);
5 10 0 0 -24000 8000;
1 Bound -25000 5400 -23000 8000;
9 gnd;
C 0 T -25000 7000;
(SymbolCall gnd);
5 10 0 0 26000 -8000;
1 Bound 25000 -10600 27000 -8000;
9 gnd;
C 0 T 25000 -9000;
(SymbolCall gnd);
5 10 0 0 32000 -8000;
1 Bound 31000 -10600 33000 -8000;
9 gnd;
C 0 T 31000 -9000;
(SymbolCall gnd);
5 10 0 0 -30000 -23000;
1 Bound -31000 -25600 -29000 -23000;
9 gnd;
C 0 T -31000 -24000;
(SymbolCall gnd);
5 10 0 0 -24000 -23000;
1 Bound -25000 -25600 -23000 -23000;
9 gnd;
C 0 T -25000 -24000;
(SymbolCall ind);
5 10 5 1 10000 42000 L0-;
5 10 4 0 10000 52000 L0+;
5 15 11000 51000 0 -1;
5 2 400p;
5 11 L 0;
1 Bound 10000 42000 11500 52000;
9 ind;
C 0 T 9000 42000;
(SymbolCall ind);
5 10 7 1 -4000 34000 L1-;
5 10 14 0 -14000 34000 L1+;
5 15 -13000 35000 1 0;
5 2 1p;
5 11 L 1;
1 Bound -14000 34000 -4000 35500;
( Rotate 90 );
9 ind;
C 0 R 0 1 T -4000 33000;
(SymbolCall ind);
5 10 8 1 16000 22000 L2-;
5 10 13 0 16000 32000 L2+;
5 15 17000 31000 0 -1;
5 2 1p;
5 11 L 2;
1 Bound 16000 22000 17500 32000;
9 ind;
C 0 T 15000 22000;
(SymbolCall ind);
5 10 6 1 -30000 28000 L3-;
5 10 1 0 -40000 28000 L3+;
5 15 -39000 29000 1 0;
5 2 2p;
5 11 L 3;
1 Bound -40000 28000 -30000 29500;
( Rotate 90 );
9 ind;
C 0 R 0 1 T -30000 27000;
(SymbolCall ind);
5 10 9 1 6000 28000 L4-;
5 10 7 0 -4000 28000 L4+;
5 15 -3000 29000 1 0;
5 2 0.7p;
5 11 L 4;
1 Bound -4000 28000 6000 29500;
( Rotate 90 );
9 ind;
C 0 R 0 1 T 6000 27000;
(SymbolCall ind);
5 10 0 1 -30000 8000 L5-;
5 10 15 0 -30000 18000 L5+;
5 15 -29000 17000 0 -1;
5 2 0.2p;
5 11 L 5;
1 Bound -30000 8000 -28500 18000;
9 ind;
C 0 T -31000 8000;
(SymbolCall ind);
5 10 0 1 -24000 8000 L6-;
5 10 16 0 -24000 18000 L6+;
5 15 -23000 17000 0 -1;
5 2 1p;
5 11 L 6;
1 Bound -24000 8000 -22500 18000;
9 ind;
C 0 T -25000 8000;
(SymbolCall ind);
5 10 8 1 16000 12000 L7-;
5 10 9 0 6000 12000 L7+;
5 15 7000 13000 1 0;
5 2 0.25p;
5 11 L 7;
1 Bound 6000 12000 16000 13500;
( Rotate 90 );
9 ind;
C 0 R 0 1 T 16000 11000;
(SymbolCall ind);
5 10 10 1 26000 12000 L8-;
5 10 8 0 16000 12000 L8+;
5 15 17000 13000 1 0;
5 2 2.9p;
5 11 L 8;
1 Bound 16000 12000 26000 13500;
( Rotate 90 );
9 ind;
C 0 R 0 1 T 26000 11000;
(SymbolCall ind);
5 10 3 1 42000 12000 L9-;
5 10 10 0 32000 12000 L9+;
5 15 33000 13000 1 0;
5 2 2p;
5 11 L 9;
1 Bound 32000 12000 42000 13500;
( Rotate 90 );
9 ind;
C 0 R 0 1 T 42000 11000;
(SymbolCall ind);
5 10 12 1 -4000 3000 L10-;
5 10 19 0 -14000 3000 L10+;
5 15 -13000 4000 1 0;
5 2 1p;
5 11 L 10;
1 Bound -14000 3000 -4000 4500;
( Rotate 90 );
9 ind;
C 0 R 0 1 T -4000 2000;
(SymbolCall ind);
5 10 0 1 26000 -8000 L11-;
5 10 17 0 26000 2000 L11+;
5 15 27000 1000 0 -1;
5 2 0.2p;
5 11 L 11;
1 Bound 26000 -8000 27500 2000;
9 ind;
C 0 T 25000 -8000;
(SymbolCall ind);
5 10 0 1 32000 -8000 L12-;
5 10 18 0 32000 2000 L12+;
5 15 33000 1000 0 -1;
5 2 1p;
5 11 L 12;
1 Bound 32000 -8000 33500 2000;
9 ind;
C 0 T 31000 -8000;
(SymbolCall ind);
5 10 11 1 -30000 -3000 L13-;
5 10 2 0 -40000 -3000 L13+;
5 15 -39000 -2000 1 0;
5 2 2p;
5 11 L 13;
1 Bound -40000 -3000 -30000 -1500;
( Rotate 90 );
9 ind;
C 0 R 0 1 T -30000 -4000;
(SymbolCall ind);
5 10 9 1 6000 -3000 L14-;
5 10 12 0 -4000 -3000 L14+;
5 15 -3000 -2000 1 0;
5 2 0.7p;
5 11 L 14;
1 Bound -4000 -3000 6000 -1500;
( Rotate 90 );
9 ind;
C 0 R 0 1 T 6000 -4000;
(SymbolCall ind);
5 10 0 1 -30000 -23000 L15-;
5 10 20 0 -30000 -13000 L15+;
5 15 -29000 -14000 0 -1;
5 2 0.2p;
5 11 L 15;
1 Bound -30000 -23000 -28500 -13000;
9 ind;
C 0 T -31000 -23000;
(SymbolCall ind);
5 10 0 1 -24000 -23000 L16-;
5 10 21 0 -24000 -13000 L16+;
5 15 -23000 -14000 0 -1;
5 2 1p;
5 11 L 16;
1 Bound -24000 -23000 -22500 -13000;
9 ind;
C 0 T -25000 -23000;
(SymbolCall jj);
5 3 area=B0;
5 10 22 2 9000 40000 B0_2;
5 10 8 1 10000 32000 B0-;
5 10 5 0 10000 42000 B0+;
5 1 jjmit;
5 11 B 0;
1 Bound 8500 32000 11500 42000;
9 jj;
C 0 T 9000 32000;
(SymbolCall jj);
5 3 area=B1;
5 10 23 2 -22000 27000 B1_2;
5 10 7 1 -14000 28000 B1-;
5 10 6 0 -24000 28000 B1+;
5 1 jjmit;
5 11 B 1;
1 Bound -24000 26500 -14000 29500;
( Rotate 90 );
9 jj;
C 0 R 0 1 T -14000 27000;
(SymbolCall jj);
5 3 area=B2;
5 10 24 2 -31000 26000 B2_2;
5 10 15 1 -30000 18000 B2-;
5 10 6 0 -30000 28000 B2+;
5 1 jjmit;
5 11 B 2;
1 Bound -31500 18000 -28500 28000;
9 jj;
C 0 T -31000 18000;
(SymbolCall jj);
5 3 area=B3;
5 10 25 2 25000 10000 B3_2;
5 10 17 1 26000 2000 B3-;
5 10 10 0 26000 12000 B3+;
5 1 jjmit;
5 11 B 3;
1 Bound 24500 2000 27500 12000;
9 jj;
C 0 T 25000 2000;
(SymbolCall jj);
5 3 area=B1;
5 10 26 2 -22000 -4000 B4_2;
5 10 12 1 -14000 -3000 B4-;
5 10 11 0 -24000 -3000 B4+;
5 1 jjmit;
5 11 B 4;
1 Bound -24000 -4500 -14000 -1500;
( Rotate 90 );
9 jj;
C 0 R 0 1 T -14000 -4000;
(SymbolCall jj);
5 3 area=B2;
5 10 27 2 -31000 -5000 B5_2;
5 10 20 1 -30000 -13000 B5-;
5 10 11 0 -30000 -3000 B5+;
5 1 jjmit;
5 11 B 5;
1 Bound -31500 -13000 -28500 -3000;
9 jj;
C 0 T -31000 -13000;
(SymbolCall res);
5 2 R0;
5 10 13 1 16000 32000 R0-;
5 10 5 0 16000 42000 R0+;
5 15 15000 41000 0 -1 "<v>/<value>O";
5 11 R 0;
1 Bound 14750 32000 17000 42000;
9 res;
C 0 T 16000 42000;
(SymbolCall res);
5 2 R1;
5 10 14 1 -14000 34000 R1-;
5 10 6 0 -24000 34000 R1+;
5 15 -23000 33000 1 0 "<v>/<value>O";
5 11 R 1;
1 Bound -24000 32750 -14000 35000;
( Rotate 90 );
9 res;
C 0 R 0 1 T -24000 34000;
(SymbolCall res);
5 2 R2;
5 10 16 1 -24000 18000 R2-;
5 10 6 0 -24000 28000 R2+;
5 15 -25000 27000 0 -1 "<v>/<value>O";
5 11 R 2;
1 Bound -25250 18000 -23000 28000;
9 res;
C 0 T -24000 28000;
(SymbolCall res);
5 2 R3;
5 10 18 1 32000 2000 R3-;
5 10 10 0 32000 12000 R3+;
5 15 31000 11000 0 -1 "<v>/<value>O";
5 11 R 3;
1 Bound 30750 2000 33000 12000;
9 res;
C 0 T 32000 12000;
(SymbolCall res);
5 2 R1;
5 10 19 1 -14000 3000 R4-;
5 10 11 0 -24000 3000 R4+;
5 15 -23000 2000 1 0 "<v>/<value>O";
5 11 R 4;
1 Bound -24000 1750 -14000 4000;
( Rotate 90 );
9 res;
C 0 R 0 1 T -24000 3000;
(SymbolCall res);
5 2 R2;
5 10 21 1 -24000 -13000 R5-;
5 10 11 0 -24000 -3000 R5+;
5 15 -25000 -4000 0 -1 "<v>/<value>O";
5 11 R 5;
1 Bound -25250 -13000 -23000 -3000;
9 res;
C 0 T -24000 -3000;
L SCED;
5 10 5;
W2 0 10000 42000 16000 42000;
5 10 6;
W2 0 -24000 34000 -24000 28000 -30000 28000;
5 10 7;
W2 0 -4000 34000 -4000 28000 -14000 28000;
5 10 8;
W2 0 10000 32000 10000 22000 16000 22000 16000 12000;
5 10 9;
W2 0 6000 28000 6000 12000 6000 -3000;
5 10 10;
W2 0 26000 12000 32000 12000;
5 10 11;
W2 0 -30000 -3000 -24000 -3000 -24000 3000;
5 10 12;
W2 0 -14000 -3000 -4000 -3000 -4000 3000;
L NAME;
5 16 L 0 11;
94 <<L0>> 9750 50750 320 1275 1000;
5 16 B 0 11;
94 <<B0>> 8250 40750 320 1275 1000;
5 16 R 0 11;
94 <<R0>> 14500 40750 320 1275 1000;
5 16 L 1 11;
94 <<L1>> -13750 35750 0 1050 1000;
5 16 R 1 11;
94 <<R1>> -23750 35250 0 1050 1000;
5 16 L 3 11;
94 <<L3>> -39750 29750 0 1275 1000;
5 16 B 1 11;
94 <<B1>> -23750 29750 0 1050 1000;
5 16 L 4 11;
94 <<L4>> -3750 29750 0 1275 1000;
5 16 L 2 11;
94 <<L2>> 15750 30750 320 1275 1000;
5 16 B 2 11;
94 <<B2>> -31750 26750 320 1275 1000;
5 16 R 2 11;
94 <<R2>> -25500 26750 320 1275 1000;
5 16 L 5 11;
94 <<L5>> -30250 16750 320 1275 1000;
5 16 L 6 11;
94 <<L6>> -24250 16750 320 1275 1000;
5 16 L 7 11;
94 <<L7>> 6250 13750 0 1275 1000;
5 16 L 8 11;
94 <<L8>> 16250 13750 0 1275 1000;
5 16 L 9 11;
94 <<L9>> 32250 13750 0 1275 1000;
5 16 B 3 11;
94 <<B3>> 24250 10750 320 1275 1000;
5 16 R 3 11;
94 <<R3>> 30500 10750 320 1275 1000;
5 16 L 10 11;
94 <<L10>> -13750 4750 0 1650 1000;
5 16 R 4 11;
94 <<R4>> -23750 4250 0 1275 1000;
5 16 L 11 11;
94 <<L11>> 25750 750 320 1425 1000;
5 16 L 12 11;
94 <<L12>> 31750 750 320 1650 1000;
5 16 L 13 11;
94 <<L13>> -39750 -1250 0 1650 1000;
5 16 B 4 11;
94 <<B4>> -23750 -1250 0 1275 1000;
5 16 L 14 11;
94 <<L14>> -3750 -1250 0 1650 1000;
5 16 B 5 11;
94 <<B5>> -31750 -4250 320 1275 1000;
5 16 R 5 11;
94 <<R5>> -25500 -4250 320 1275 1000;
5 16 L 15 11;
94 <<L15>> -30250 -14250 320 1650 1000;
5 16 L 16 11;
94 <<L16>> -24250 -14250 320 1650 1000;
L MODL;
5 16 B 0 1;
94 <<jjmit>> 11750 41750 256 2550 1000;
5 16 B 2 1;
94 <<jjmit>> -28250 27750 256 2550 1000;
5 16 B 1 1;
94 <<jjmit>> -14250 26250 320 2550 1000;
5 16 B 3 1;
94 <<jjmit>> 27750 11750 256 2550 1000;
5 16 B 5 1;
94 <<jjmit>> -28250 -3250 256 2550 1000;
5 16 B 4 1;
94 <<jjmit>> -14250 -4750 320 2550 1000;
L VALU;
5 16 L 0 2;
94 <<400p>> 11750 51750 33024 2475 1000;
5 16 R 0 2;
94 <<R0>> 17250 41750 33024 1275 1000;
5 16 L 1 2;
94 <<1p>> -4250 33750 33088 1050 1000;
5 16 R 1 2;
94 <<R1>> -14250 32500 33088 1050 1000;
5 16 L 2 2;
94 <<1p>> 17750 31750 33024 1050 1000;
5 16 L 3 2;
94 <<2p>> -30250 27750 33088 1275 1000;
5 16 R 2 2;
94 <<R2>> -22750 27750 33024 1275 1000;
5 16 L 4 2;
94 <<0.7p>> 5750 27750 33088 2100 1000;
5 16 L 5 2;
94 <<0.2p>> -28250 17750 33024 2100 1000;
5 16 L 6 2;
94 <<1p>> -22250 17750 33024 1050 1000;
5 16 L 7 2;
94 <<0.25p>> 15750 11750 33088 2700 1000;
5 16 L 8 2;
94 <<2.9p>> 25750 11750 33088 2100 1000;
5 16 R 3 2;
94 <<R3>> 33250 11750 33024 1275 1000;
5 16 L 9 2;
94 <<2p>> 41750 11750 33088 1275 1000;
5 16 L 10 2;
94 <<1p>> -4250 2750 33088 1050 1000;
5 16 L 11 2;
94 <<0.2p>> 27750 1750 33024 2100 1000;
5 16 L 12 2;
94 <<1p>> 33750 1750 33024 1050 1000;
5 16 R 4 2;
94 <<R1>> -14250 1500 33088 1050 1000;
5 16 L 13 2;
94 <<2p>> -30250 -3250 33088 1275 1000;
5 16 R 5 2;
94 <<R2>> -22750 -3250 33024 1275 1000;
5 16 L 14 2;
94 <<0.7p>> 5750 -3250 33088 2100 1000;
5 16 L 15 2;
94 <<0.2p>> -28250 -13250 33024 2100 1000;
5 16 L 16 2;
94 <<1p>> -22250 -13250 33024 1050 1000;
L PARM;
5 16 B 0 3;
94 <<area=B0>> 11750 32250 32768 4200 1000;
5 16 B 1 3;
94 <<area=B1>> -23750 25250 33024 3975 1000;
5 16 B 2 3;
94 <<area=B2>> -28250 18250 32768 4200 1000;
5 16 B 3 3;
94 <<area=B3>> 27750 2250 32768 4200 1000;
5 16 B 4 3;
94 <<area=B1>> -23750 -5750 33024 3975 1000;
5 16 B 5 3;
94 <<area=B2>> -28250 -12750 32768 4200 1000;
L SPTX;
94 <<.include ERSFQ_MERGE_models.inc>> -40000 58000 0 16725 1000;
94 <<.param Bc0=1>> -40000 57000 0 6600 1000;
94 <<.param Ic0=0.0001>> -40000 56000 0 8925 1000;
94 <<.param IcRs=100u*6.859904418>> -40000 55000 0 15300 1000;
94 <<.param B0Rs=IcRs/Ic0*Bc0>> -40000 54000 0 13425 1000;
94 <<.param B0=5.5, B1=2, B2=2.5, B3=3.5>> -40000 53000 0 18150 1000;
94 <<.param R0=B0Rs/B0, R1=B0Rs/B1, R2=B0Rs/B2, R3=B0Rs/B3>> -40000 52000 0 29850 1000;
DF;
E
* Generated by Xic from cell ERSFQ_MERGE
.tran 0.5p 1000p 0 0.25p UIC
.include ERSFQ_MERGE_models.inc
.param Bc0=1
.param Ic0=0.0001
.param IcRs=100u*6.859904418
.param B0Rs=IcRs/Ic0*Bc0
.param B0=5.5, B1=2, B2=2.5, B3=3.5
.param R0=B0Rs/B0, R1=B0Rs/B1, R2=B0Rs/B2, R3=B0Rs/B3
B0 5 8 22 jjmit area=B0
B1 6 7 23 jjmit area=B1
B2 6 15 24 jjmit area=B2
B3 10 17 25 jjmit area=B3
B4 11 12 26 jjmit area=B1
B5 11 20 27 jjmit area=B2
L0 BIAS1 5 400p
L1 14 7 1p
L2 13 8 1p
L3 IN1 6 2p
L4 7 9 0.7p
L5 15 0 0.2p
L6 16 0 1p
L7 9 8 0.25p
L8 8 10 2.9p
L9 10 OUT 2p
L10 19 12 1p
L11 17 0 0.2p
L12 18 0 1p
L13 IN2 11 2p
L14 12 9 0.7p
L15 20 0 0.2p
L16 21 0 1p
R0 5 13 R0
R1 6 14 R1
R2 6 16 R2
R3 10 18 R3
R4 11 19 R1
R5 11 21 R2
.model jjmit jj(rtype=1, vg=2.8mV, cap=0.07pF, r0=160, rn=16, icrit=0.1mA)

* YBCO
