(Symbol ERSFQ_SPLIT);
($Id:$);
(xic.exe 4.3.5 Win32 i386 05/11/2018 10:06 GMT);
(PHYSICAL);
(RESOLUTION 1000);
( CREATED 5/11/2018 10:6:59, MODIFIED 5/11/2018 10:6:59 );
9 ERSFQ_SPLIT;
DS 0 1 1;
DF;
E
(ELECTRICAL);
(RESOLUTION 1000);
5 7101 tran 0.5p 1000p 0 0.25p UIC;
5 10 1 0 -35000 10000 0x0 IIN;
5 10 2 1 -9000 46000 0x0 BIAS1;
5 10 3 2 35000 29000 0x0 OUT1;
5 10 4 3 35000 -2000 0x0 OUT2;
5 11 X 0 subckt;
9 ERSFQ_SPLIT;
DS 0 1 1;
(SymbolCall gnd);
5 10 0 0 19000 9000;
1 Bound 18000 6400 20000 9000;
9 gnd;
C 0 T 18000 8000;
(SymbolCall gnd);
5 10 0 0 25000 9000;
1 Bound 24000 6400 26000 9000;
9 gnd;
C 0 T 24000 8000;
(SymbolCall gnd);
5 10 0 0 -19000 -10000;
1 Bound -20000 -12600 -18000 -10000;
9 gnd;
C 0 T -20000 -11000;
(SymbolCall gnd);
5 10 0 0 -13000 -10000;
1 Bound -14000 -12600 -12000 -10000;
9 gnd;
C 0 T -14000 -11000;
(SymbolCall gnd);
5 10 0 0 19000 -22000;
1 Bound 18000 -24600 20000 -22000;
9 gnd;
C 0 T 18000 -23000;
(SymbolCall gnd);
5 10 0 0 25000 -22000;
1 Bound 24000 -24600 26000 -22000;
9 gnd;
C 0 T 24000 -23000;
(SymbolCall ind);
5 10 5 1 -9000 36000 L0-;
5 10 2 0 -9000 46000 L0+;
5 15 -8000 45000 0 -1;
5 2 400p;
5 11 L 0;
1 Bound -9000 36000 -7500 46000;
9 ind;
C 0 T -10000 36000;
(SymbolCall ind);
5 10 7 1 19000 29000 L1-;
5 10 6 0 9000 29000 L1+;
5 15 10000 30000 1 0;
5 2 1.9p;
5 11 L 1;
1 Bound 9000 29000 19000 30500;
( Rotate 90 );
9 ind;
C 0 R 0 1 T 19000 28000;
(SymbolCall ind);
5 10 3 1 35000 29000 L2-;
5 10 7 0 25000 29000 L2+;
5 15 26000 30000 1 0;
5 2 2p;
5 11 L 2;
1 Bound 25000 29000 35000 30500;
( Rotate 90 );
9 ind;
C 0 R 0 1 T 35000 28000;
(SymbolCall ind);
5 10 8 1 -3000 16000 L3-;
5 10 11 0 -3000 26000 L3+;
5 15 -2000 25000 0 -1;
5 11 L 3;
5 2 1p;
1 Bound -3000 16000 -1500 26000;
9 ind;
C 0 T -4000 16000;
(SymbolCall ind);
5 10 0 1 19000 9000 L4-;
5 10 12 0 19000 19000 L4+;
5 15 20000 18000 0 -1;
5 11 L 4;
5 2 0.2p;
1 Bound 19000 9000 20500 19000;
9 ind;
C 0 T 18000 9000;
(SymbolCall ind);
5 10 0 1 25000 9000 L5-;
5 10 13 0 25000 19000 L5+;
5 15 26000 18000 0 -1;
5 11 L 5;
5 2 1p;
1 Bound 25000 9000 26500 19000;
9 ind;
C 0 T 24000 9000;
(SymbolCall ind);
5 10 9 1 -19000 10000 L6-;
5 10 1 0 -29000 10000 L6+;
5 15 -28000 11000 1 0;
5 2 1.4p;
5 11 L 6;
1 Bound -29000 10000 -19000 11500;
( Rotate 90 );
9 ind;
C 0 R 0 1 T -19000 9000;
(SymbolCall ind);
5 10 8 1 -3000 10000 L7-;
5 10 9 0 -13000 10000 L7+;
5 15 -12000 11000 1 0;
5 2 2p;
5 11 L 7;
1 Bound -13000 10000 -3000 11500;
( Rotate 90 );
9 ind;
C 0 R 0 1 T -3000 9000;
(SymbolCall ind);
5 10 6 1 7000 10000 L8-;
5 10 8 0 -3000 10000 L8+;
5 15 -2000 11000 1 0;
5 2 0.4p;
5 11 L 8;
1 Bound -3000 10000 7000 11500;
( Rotate 90 );
9 ind;
C 0 R 0 1 T 7000 9000;
(SymbolCall ind);
5 10 0 1 -19000 -10000 L9-;
5 10 14 0 -19000 0 L9+;
5 15 -18000 -1000 0 -1;
5 2 0.2p;
5 11 L 9;
1 Bound -19000 -10000 -17500 0;
9 ind;
C 0 T -20000 -10000;
(SymbolCall ind);
5 10 0 1 -13000 -10000 L10-;
5 10 15 0 -13000 0 L10+;
5 15 -12000 -1000 0 -1;
5 2 1p;
5 11 L 10;
1 Bound -13000 -10000 -11500 0;
9 ind;
C 0 T -14000 -10000;
(SymbolCall ind);
5 10 10 1 19000 -2000 L11-;
5 10 6 0 9000 -2000 L11+;
5 15 10000 -1000 1 0;
5 2 1.9p;
5 11 L 11;
1 Bound 9000 -2000 19000 -500;
( Rotate 90 );
9 ind;
C 0 R 0 1 T 19000 -3000;
(SymbolCall ind);
5 10 4 1 35000 -2000 L12-;
5 10 10 0 25000 -2000 L12+;
5 15 26000 -1000 1 0;
5 2 2p;
5 11 L 12;
1 Bound 25000 -2000 35000 -500;
( Rotate 90 );
9 ind;
C 0 R 0 1 T 35000 -3000;
(SymbolCall ind);
5 10 0 1 19000 -22000 L13-;
5 10 16 0 19000 -12000 L13+;
5 15 20000 -13000 0 -1;
5 11 L 13;
5 2 0.2p;
1 Bound 19000 -22000 20500 -12000;
9 ind;
C 0 T 18000 -22000;
(SymbolCall ind);
5 10 0 1 25000 -22000 L14-;
5 10 17 0 25000 -12000 L14+;
5 15 26000 -13000 0 -1;
5 11 L 14;
5 2 1p;
1 Bound 25000 -22000 26500 -12000;
9 ind;
C 0 T 24000 -22000;
(SymbolCall jj);
5 3 area=B0;
5 10 18 2 -10000 34000 B0_2;
5 10 8 1 -9000 26000 B0-;
5 10 5 0 -9000 36000 B0+;
5 11 B 0;
5 1 jjmit;
1 Bound -10500 26000 -7500 36000;
9 jj;
C 0 T -10000 26000;
(SymbolCall jj);
5 3 area=B1;
5 10 19 2 18000 27000 B1_2;
5 10 12 1 19000 19000 B1-;
5 10 7 0 19000 29000 B1+;
5 11 B 1;
5 1 jjmit;
1 Bound 17500 19000 20500 29000;
9 jj;
C 0 T 18000 19000;
(SymbolCall jj);
5 3 area=B2;
5 10 20 2 -20000 8000 B2_2;
5 10 14 1 -19000 0 B2-;
5 10 9 0 -19000 10000 B2+;
5 1 jjmit;
5 11 B 2;
1 Bound -20500 0 -17500 10000;
9 jj;
C 0 T -20000 0;
(SymbolCall jj);
5 3 area=B1;
5 10 21 2 18000 -4000 B3_2;
5 10 16 1 19000 -12000 B3-;
5 10 10 0 19000 -2000 B3+;
5 11 B 3;
5 1 jjmit;
1 Bound 17500 -12000 20500 -2000;
9 jj;
C 0 T 18000 -12000;
(SymbolCall res);
5 2 R0;
5 10 11 1 -3000 26000 R0-;
5 10 5 0 -3000 36000 R0+;
5 15 -4000 35000 0 -1 "<v>/<value>O";
5 11 R 0;
1 Bound -4250 26000 -2000 36000;
9 res;
C 0 T -3000 36000;
(SymbolCall res);
5 2 R1;
5 10 13 1 25000 19000 R1-;
5 10 7 0 25000 29000 R1+;
5 15 24000 28000 0 -1 "<v>/<value>O";
5 11 R 1;
1 Bound 23750 19000 26000 29000;
9 res;
C 0 T 25000 29000;
(SymbolCall res);
5 2 R2;
5 10 15 1 -13000 0 R2-;
5 10 9 0 -13000 10000 R2+;
5 15 -14000 9000 0 -1 "<v>/<value>O";
5 11 R 2;
1 Bound -14250 0 -12000 10000;
9 res;
C 0 T -13000 10000;
(SymbolCall res);
5 2 R1;
5 10 17 1 25000 -12000 R3-;
5 10 10 0 25000 -2000 R3+;
5 15 24000 -3000 0 -1 "<v>/<value>O";
5 11 R 3;
1 Bound 23750 -12000 26000 -2000;
9 res;
C 0 T 25000 -2000;
L SCED;
5 10 5;
W2 0 -3000 36000 -9000 36000;
5 10 6;
W2 0 9000 29000 9000 10000 7000 10000;
5 10 7;
W2 0 19000 29000 25000 29000;
5 10 8;
W2 0 -9000 26000 -9000 16000 -3000 16000 -3000 10000;
5 10 1;
W2 0 -35000 10000 -29000 10000 -28000 10000;
5 10 9;
W2 0 -19000 10000 -13000 10000;
5 10 6;
W2 0 9000 10000 9000 -2000;
5 10 10;
W2 0 19000 -2000 25000 -2000;
L NAME;
5 16 L 0 11;
94 <<L0>> -9250 44750 320 1275 1000;
5 16 B 0 11;
94 <<B0>> -10750 34750 320 1275 1000;
5 16 R 0 11;
94 <<R0>> -4500 34750 320 1275 1000;
5 16 L 1 11;
94 <<L1>> 9250 30750 0 1050 1000;
5 16 L 2 11;
94 <<L2>> 25250 30750 0 1275 1000;
5 16 B 1 11;
94 <<B1>> 17250 27750 320 1050 1000;
5 16 R 1 11;
94 <<R1>> 23500 27750 320 1050 1000;
5 16 L 3 11;
94 <<L3>> -3250 24750 320 1275 1000;
5 16 L 4 11;
94 <<L4>> 18750 17750 320 1275 1000;
5 16 L 5 11;
94 <<L5>> 24750 17750 320 1275 1000;
5 16 L 6 11;
94 <<L6>> -28750 11750 0 1275 1000;
5 16 L 7 11;
94 <<L7>> -12750 11750 0 1275 1000;
5 16 L 8 11;
94 <<L8>> -2750 11750 0 1275 1000;
5 16 B 2 11;
94 <<B2>> -20750 8750 320 1275 1000;
5 16 R 2 11;
94 <<R2>> -14500 8750 320 1275 1000;
5 16 L 11 11;
94 <<L11>> 9250 -250 0 1425 1000;
5 16 L 12 11;
94 <<L12>> 25250 -250 0 1650 1000;
5 16 L 9 11;
94 <<L9>> -19250 -1250 320 1275 1000;
5 16 L 10 11;
94 <<L10>> -13250 -1250 320 1650 1000;
5 16 B 3 11;
94 <<B3>> 17250 -3250 320 1275 1000;
5 16 R 3 11;
94 <<R3>> 23500 -3250 320 1275 1000;
5 16 L 13 11;
94 <<L13>> 18750 -13250 320 1650 1000;
5 16 L 14 11;
94 <<L14>> 24750 -13250 320 1650 1000;
L MODL;
5 16 B 0 1;
94 <<jjmit>> -7250 35750 256 2550 1000;
5 16 B 1 1;
94 <<jjmit>> 20750 28750 256 2550 1000;
5 16 B 2 1;
94 <<jjmit>> -17250 9750 256 2550 1000;
5 16 B 3 1;
94 <<jjmit>> 20750 -2250 256 2550 1000;
L VALU;
5 16 L 0 2;
94 <<400p>> -7250 45750 33024 2475 1000;
5 16 R 0 2;
94 <<R0>> -1750 35750 33024 1275 1000;
5 16 L 1 2;
94 <<1.9p>> 18750 28750 33088 1875 1000;
5 16 R 1 2;
94 <<R1>> 26250 28750 33024 1050 1000;
5 16 L 2 2;
94 <<2p>> 34750 28750 33088 1275 1000;
5 16 L 3 2;
94 <<1p>> -1250 25750 33024 1050 1000;
5 16 L 4 2;
94 <<0.2p>> 20750 18750 33024 2100 1000;
5 16 L 5 2;
94 <<1p>> 26750 18750 33024 1050 1000;
5 16 L 6 2;
94 <<1.4p>> -19250 9750 33088 1875 1000;
5 16 R 2 2;
94 <<R2>> -11750 9750 33024 1275 1000;
5 16 L 7 2;
94 <<2p>> -3250 9750 33088 1275 1000;
5 16 L 8 2;
94 <<0.4p>> 6750 9750 33088 2100 1000;
5 16 L 9 2;
94 <<0.2p>> -17250 -250 33024 2100 1000;
5 16 L 10 2;
94 <<1p>> -11250 -250 33024 1050 1000;
5 16 L 11 2;
94 <<1.9p>> 18750 -2250 33088 1875 1000;
5 16 R 3 2;
94 <<R1>> 26250 -2250 33024 1050 1000;
5 16 L 12 2;
94 <<2p>> 34750 -2250 33088 1275 1000;
5 16 L 13 2;
94 <<0.2p>> 20750 -12250 33024 2100 1000;
5 16 L 14 2;
94 <<1p>> 26750 -12250 33024 1050 1000;
L PARM;
5 16 B 0 3;
94 <<area=B0>> -7250 26250 32768 4200 1000;
5 16 B 1 3;
94 <<area=B1>> 20750 19250 32768 3975 1000;
5 16 B 2 3;
94 <<area=B2>> -17250 250 32768 4200 1000;
5 16 B 3 3;
94 <<area=B1>> 20750 -11750 32768 3975 1000;
L SPTX;
94 <<.include ERSFQ_SPLIT_models.inc>> -35000 51000 0 16425 1000;
94 <<.param Bc0=1>> -35000 50000 0 6600 1000;
94 <<.param Ic0=0.0001>> -35000 49000 0 8925 1000;
94 <<.param IcRs=100u*6.859904418>> -35000 48000 0 15300 1000;
94 <<.param B0Rs=IcRs/Ic0*Bc0>> -35000 47000 0 13425 1000;
94 <<.param B0=5.69, B1=2.5, B2=3.25, R0=B0Rs/B0, R1=B0Rs/B1, R2=B0Rs/B2>> -35000 46000 0 36150 1000;
DF;
E
* Generated by Xic from cell ERSFQ_SPLIT
.tran 0.5p 1000p 0 0.25p UIC
.include ERSFQ_SPLIT_models.inc
.param Bc0=1
.param Ic0=0.0001
.param IcRs=100u*6.859904418
.param B0Rs=IcRs/Ic0*Bc0
.param B0=5.69, B1=2.5, B2=3.25, R0=B0Rs/B0, R1=B0Rs/B1, R2=B0Rs/B2
B0 5 8 18 jjmit area=B0
B1 7 12 19 jjmit area=B1
B2 9 14 20 jjmit area=B2
B3 10 16 21 jjmit area=B1
L0 BIAS1 5 400p
L1 6 7 1.9p
L2 7 OUT1 2p
L3 11 8 1p
L4 12 0 0.2p
L5 13 0 1p
L6 IIN 9 1.4p
L7 9 8 2p
L8 8 6 0.4p
L9 14 0 0.2p
L10 15 0 1p
L11 6 10 1.9p
L12 10 OUT2 2p
L13 16 0 0.2p
L14 17 0 1p
R0 5 11 R0
R1 7 13 R1
R2 9 15 R2
R3 10 17 R1
.model jjmit jj(rtype=1, vg=2.8mV, cap=0.07pF, r0=160, rn=16, icrit=0.1mA)

* YBCO
