(Symbol ERSFQ_OR2);
($Id:$);
(xic.exe 4.3.5 Win32 i386 05/11/2018 11:17 GMT);
(PHYSICAL);
(RESOLUTION 1000);
( CREATED 5/11/2018 11:17:29, MODIFIED 5/11/2018 11:17:29 );
9 ERSFQ_OR2;
DS 0 1 1;
DF;
E
(ELECTRICAL);
(RESOLUTION 1000);
5 7101 tran 0.5p 1000p 0 0.25p UIC;
5 10 1 0 -48000 -25000 0x0 IN1;
5 10 2 1 -48000 9000 0x0 IN2;
5 10 3 2 -48000 42000 0x0 INCLK;
5 10 4 3 147000 -15000 0x0 OUT;
5 10 5 4 -21000 90000 0x0 BIAS1;
5 10 6 5 10000 90000 0x0 BIAS2;
5 10 7 6 46000 90000 0x0 BIAS3;
5 10 8 7 92000 90000 0x0 BIAS4;
5 11 X 0 subckt;
9 ERSFQ_OR2;
DS 0 1 1;
(SymbolCall gnd);
5 10 0 0 36000 22000;
1 Bound 35000 19400 37000 22000;
9 gnd;
C 0 T 35000 21000;
(SymbolCall gnd);
5 10 0 0 42000 22000;
1 Bound 41000 19400 43000 22000;
9 gnd;
C 0 T 41000 21000;
(SymbolCall gnd);
5 10 0 0 -30000 -11000;
1 Bound -31000 -13600 -29000 -11000;
9 gnd;
C 0 T -31000 -12000;
(SymbolCall gnd);
5 10 0 0 -24000 -11000;
1 Bound -25000 -13600 -23000 -11000;
9 gnd;
C 0 T -25000 -12000;
(SymbolCall gnd);
5 10 0 0 46000 -35000;
1 Bound 45000 -37600 47000 -35000;
9 gnd;
C 0 T 45000 -36000;
(SymbolCall gnd);
5 10 0 0 52000 -35000;
1 Bound 51000 -37600 53000 -35000;
9 gnd;
C 0 T 51000 -36000;
(SymbolCall gnd);
5 10 0 0 82000 -35000;
1 Bound 81000 -37600 83000 -35000;
9 gnd;
C 0 T 81000 -36000;
(SymbolCall gnd);
5 10 0 0 88000 -35000;
1 Bound 87000 -37600 89000 -35000;
9 gnd;
C 0 T 87000 -36000;
(SymbolCall gnd);
5 10 0 0 108000 -35000;
1 Bound 107000 -37600 109000 -35000;
9 gnd;
C 0 T 107000 -36000;
(SymbolCall gnd);
5 10 0 0 114000 -35000;
1 Bound 113000 -37600 115000 -35000;
9 gnd;
C 0 T 113000 -36000;
(SymbolCall gnd);
5 10 0 0 -30000 -45000;
1 Bound -31000 -47600 -29000 -45000;
9 gnd;
C 0 T -31000 -46000;
(SymbolCall gnd);
5 10 0 0 -24000 -45000;
1 Bound -25000 -47600 -23000 -45000;
9 gnd;
C 0 T -25000 -46000;
(SymbolCall ind);
5 10 9 1 -21000 80000 L0-;
5 10 5 0 -21000 90000 L0+;
5 15 -20000 89000 0 -1;
5 2 400p;
5 11 L 0;
1 Bound -21000 80000 -19500 90000;
9 ind;
C 0 T -22000 80000;
(SymbolCall ind);
5 10 10 1 10000 80000 L1-;
5 10 6 0 10000 90000 L1+;
5 15 11000 89000 0 -1;
5 2 400p;
5 11 L 1;
1 Bound 10000 80000 11500 90000;
9 ind;
C 0 T 9000 80000;
(SymbolCall ind);
5 10 11 1 46000 80000 L2-;
5 10 7 0 46000 90000 L2+;
5 15 47000 89000 0 -1;
5 11 L 2;
5 2 400p;
1 Bound 46000 80000 47500 90000;
9 ind;
C 0 T 45000 80000;
(SymbolCall ind);
5 10 12 1 92000 80000 L3-;
5 10 8 0 92000 90000 L3+;
5 15 93000 89000 0 -1;
5 11 L 3;
5 2 400p;
1 Bound 92000 80000 93500 90000;
9 ind;
C 0 T 91000 80000;
(SymbolCall ind);
5 10 13 1 -15000 60000 L4-;
5 10 29 0 -15000 70000 L4+;
5 15 -14000 69000 0 -1;
5 2 1p;
5 11 L 4;
1 Bound -15000 60000 -13500 70000;
9 ind;
C 0 T -16000 60000;
(SymbolCall ind);
5 10 14 1 16000 60000 L5-;
5 10 30 0 16000 70000 L5+;
5 15 17000 69000 0 -1;
5 2 1p;
5 11 L 5;
1 Bound 16000 60000 17500 70000;
9 ind;
C 0 T 15000 60000;
(SymbolCall ind);
5 10 15 1 52000 60000 L6-;
5 10 31 0 52000 70000 L6+;
5 15 53000 69000 0 -1;
5 11 L 6;
5 2 1p;
1 Bound 52000 60000 53500 70000;
9 ind;
C 0 T 51000 60000;
(SymbolCall ind);
5 10 16 1 98000 60000 L7-;
5 10 32 0 98000 70000 L7+;
5 15 99000 69000 0 -1;
5 11 L 7;
5 2 1p;
1 Bound 98000 60000 99500 70000;
9 ind;
C 0 T 97000 60000;
(SymbolCall ind);
5 10 17 1 36000 42000 L8-;
5 10 3 0 26000 42000 L8+;
5 15 27000 43000 1 0;
5 2 2.5p;
5 11 L 8;
1 Bound 26000 42000 36000 43500;
( Rotate 90 );
9 ind;
C 0 R 0 1 T 36000 41000;
(SymbolCall ind);
5 10 15 1 52000 42000 L9-;
5 10 17 0 42000 42000 L9+;
5 15 43000 43000 1 0;
5 2 3.13p;
5 11 L 9;
1 Bound 42000 42000 52000 43500;
( Rotate 90 );
9 ind;
C 0 R 0 1 T 52000 41000;
(SymbolCall ind);
5 10 18 1 62000 42000 L10-;
5 10 15 0 52000 42000 L10+;
5 15 53000 43000 1 0;
5 2 1.43p;
5 11 L 10;
1 Bound 52000 42000 62000 43500;
( Rotate 90 );
9 ind;
C 0 R 0 1 T 62000 41000;
(SymbolCall ind);
5 10 0 1 36000 22000 L11-;
5 10 33 0 36000 32000 L11+;
5 15 37000 31000 0 -1;
5 2 0.2p;
5 11 L 11;
1 Bound 36000 22000 37500 32000;
9 ind;
C 0 T 35000 22000;
(SymbolCall ind);
5 10 0 1 42000 22000 L12-;
5 10 34 0 42000 32000 L12+;
5 15 43000 31000 0 -1;
5 2 1p;
5 11 L 12;
1 Bound 42000 22000 43500 32000;
9 ind;
C 0 T 41000 22000;
(SymbolCall ind);
5 10 19 1 68000 22000 L13-;
5 10 35 0 68000 32000 L13+;
5 15 69000 31000 0 -1;
5 2 1p;
5 11 L 13;
1 Bound 68000 22000 69500 32000;
9 ind;
C 0 T 67000 22000;
(SymbolCall ind);
5 10 21 1 -4000 15000 L14-;
5 10 36 0 -14000 15000 L14+;
5 15 -13000 16000 1 0;
5 2 1p;
5 11 L 14;
1 Bound -14000 15000 -4000 16500;
( Rotate 90 );
9 ind;
C 0 R 0 1 T -4000 14000;
(SymbolCall ind);
5 10 20 1 -30000 9000 L15-;
5 10 2 0 -40000 9000 L15+;
5 15 -39000 10000 1 0;
5 2 3p;
5 11 L 15;
1 Bound -40000 9000 -30000 10500;
( Rotate 90 );
9 ind;
C 0 R 0 1 T -30000 8000;
(SymbolCall ind);
5 10 22 1 6000 9000 L16-;
5 10 21 0 -4000 9000 L16+;
5 15 -3000 10000 1 0;
5 2 1.9p;
5 11 L 16;
1 Bound -4000 9000 6000 10500;
( Rotate 90 );
9 ind;
C 0 R 0 1 T 6000 8000;
(SymbolCall ind);
5 10 0 1 -30000 -11000 L17-;
5 10 37 0 -30000 -1000 L17+;
5 15 -29000 -2000 0 -1;
5 2 0.2p;
5 11 L 17;
1 Bound -30000 -11000 -28500 -1000;
9 ind;
C 0 T -31000 -11000;
(SymbolCall ind);
5 10 0 1 -24000 -11000 L18-;
5 10 38 0 -24000 -1000 L18+;
5 15 -23000 -2000 0 -1;
5 2 1p;
5 11 L 18;
1 Bound -24000 -11000 -22500 -1000;
9 ind;
C 0 T -25000 -11000;
(SymbolCall ind);
5 10 24 1 46000 -9000 L19-;
5 10 39 0 36000 -9000 L19+;
5 15 37000 -8000 1 0;
5 2 1p;
5 11 L 19;
1 Bound 36000 -9000 46000 -7500;
( Rotate 90 );
9 ind;
C 0 R 0 1 T 46000 -10000;
(SymbolCall ind);
5 10 13 1 16000 -15000 L20-;
5 10 22 0 6000 -15000 L20+;
5 15 7000 -14000 1 0;
5 2 0.6p;
5 11 L 20;
1 Bound 6000 -15000 16000 -13500;
( Rotate 90 );
9 ind;
C 0 R 0 1 T 16000 -16000;
(SymbolCall ind);
5 10 23 1 26000 -15000 L21-;
5 10 13 0 16000 -15000 L21+;
5 15 17000 -14000 1 0;
5 2 2.1p;
5 11 L 21;
1 Bound 16000 -15000 26000 -13500;
( Rotate 90 );
9 ind;
C 0 R 0 1 T 26000 -16000;
(SymbolCall ind);
5 10 14 1 62000 -15000 L22-;
5 10 24 0 52000 -15000 L22+;
5 15 53000 -14000 1 0;
5 2 0.4p;
5 11 L 22;
1 Bound 52000 -15000 62000 -13500;
( Rotate 90 );
9 ind;
C 0 R 0 1 T 62000 -16000;
(SymbolCall ind);
5 10 19 1 72000 -15000 L23-;
5 10 14 0 62000 -15000 L23+;
5 15 63000 -14000 1 0;
5 2 7.362p;
5 11 L 23;
1 Bound 62000 -15000 72000 -13500;
( Rotate 90 );
9 ind;
C 0 R 0 1 T 72000 -16000;
(SymbolCall ind);
5 10 25 1 82000 -15000 L24-;
5 10 19 0 72000 -15000 L24+;
5 15 73000 -14000 1 0;
5 2 2.27p;
5 11 L 24;
1 Bound 72000 -15000 82000 -13500;
( Rotate 90 );
9 ind;
C 0 R 0 1 T 82000 -16000;
(SymbolCall ind);
5 10 16 1 98000 -15000 L25-;
5 10 25 0 88000 -15000 L25+;
5 15 89000 -14000 1 0;
5 2 3.2p;
5 11 L 25;
1 Bound 88000 -15000 98000 -13500;
( Rotate 90 );
9 ind;
C 0 R 0 1 T 98000 -16000;
(SymbolCall ind);
5 10 26 1 108000 -15000 L26-;
5 10 16 0 98000 -15000 L26+;
5 15 99000 -14000 1 0;
5 2 1.1p;
5 11 L 26;
1 Bound 98000 -15000 108000 -13500;
( Rotate 90 );
9 ind;
C 0 R 0 1 T 108000 -16000;
(SymbolCall ind);
5 10 4 1 124000 -15000 L27-;
5 10 26 0 114000 -15000 L27+;
5 15 115000 -14000 1 0;
5 2 3.291p;
5 11 L 27;
1 Bound 114000 -15000 124000 -13500;
( Rotate 90 );
9 ind;
C 0 R 0 1 T 124000 -16000;
(SymbolCall ind);
5 10 28 1 -4000 -19000 L28-;
5 10 46 0 -14000 -19000 L28+;
5 15 -13000 -18000 1 0;
5 2 1p;
5 11 L 28;
1 Bound -14000 -19000 -4000 -17500;
( Rotate 90 );
9 ind;
C 0 R 0 1 T -4000 -20000;
(SymbolCall ind);
5 10 27 1 -30000 -25000 L29-;
5 10 1 0 -40000 -25000 L29+;
5 15 -39000 -24000 1 0;
5 2 3p;
5 11 L 29;
1 Bound -40000 -25000 -30000 -23500;
( Rotate 90 );
9 ind;
C 0 R 0 1 T -30000 -26000;
(SymbolCall ind);
5 10 22 1 6000 -25000 L30-;
5 10 28 0 -4000 -25000 L30+;
5 15 -3000 -24000 1 0;
5 2 1.9p;
5 11 L 30;
1 Bound -4000 -25000 6000 -23500;
( Rotate 90 );
9 ind;
C 0 R 0 1 T 6000 -26000;
(SymbolCall ind);
5 10 0 1 46000 -35000 L31-;
5 10 40 0 46000 -25000 L31+;
5 15 47000 -26000 0 -1;
5 2 0.2p;
5 11 L 31;
1 Bound 46000 -35000 47500 -25000;
9 ind;
C 0 T 45000 -35000;
(SymbolCall ind);
5 10 0 1 52000 -35000 L32-;
5 10 41 0 52000 -25000 L32+;
5 15 53000 -26000 0 -1;
5 2 1p;
5 11 L 32;
1 Bound 52000 -35000 53500 -25000;
9 ind;
C 0 T 51000 -35000;
(SymbolCall ind);
5 10 0 1 82000 -35000 L33-;
5 10 42 0 82000 -25000 L33+;
5 15 83000 -26000 0 -1;
5 2 0.2p;
5 11 L 33;
1 Bound 82000 -35000 83500 -25000;
9 ind;
C 0 T 81000 -35000;
(SymbolCall ind);
5 10 0 1 88000 -35000 L34-;
5 10 43 0 88000 -25000 L34+;
5 15 89000 -26000 0 -1;
5 2 1p;
5 11 L 34;
1 Bound 88000 -35000 89500 -25000;
9 ind;
C 0 T 87000 -35000;
(SymbolCall ind);
5 10 0 1 108000 -35000 L35-;
5 10 44 0 108000 -25000 L35+;
5 15 109000 -26000 0 -1;
5 2 0.2p;
5 11 L 35;
1 Bound 108000 -35000 109500 -25000;
9 ind;
C 0 T 107000 -35000;
(SymbolCall ind);
5 10 0 1 114000 -35000 L36-;
5 10 45 0 114000 -25000 L36+;
5 15 115000 -26000 0 -1;
5 2 1p;
5 11 L 36;
1 Bound 114000 -35000 115500 -25000;
9 ind;
C 0 T 113000 -35000;
(SymbolCall ind);
5 10 0 1 -30000 -45000 L37-;
5 10 47 0 -30000 -35000 L37+;
5 15 -29000 -36000 0 -1;
5 2 0.2p;
5 11 L 37;
1 Bound -30000 -45000 -28500 -35000;
9 ind;
C 0 T -31000 -45000;
(SymbolCall ind);
5 10 0 1 -24000 -45000 L38-;
5 10 48 0 -24000 -35000 L38+;
5 15 -23000 -36000 0 -1;
5 2 1p;
5 11 L 38;
1 Bound -24000 -45000 -22500 -35000;
9 ind;
C 0 T -25000 -45000;
(SymbolCall jj);
5 3 area=B0;
5 10 49 2 -22000 78000 B0_2;
5 10 13 1 -21000 70000 B0-;
5 10 9 0 -21000 80000 B0+;
5 1 jjmit;
5 11 B 0;
1 Bound -22500 70000 -19500 80000;
9 jj;
C 0 T -22000 70000;
(SymbolCall jj);
5 3 area=B1;
5 10 50 2 9000 78000 B1_2;
5 10 14 1 10000 70000 B1-;
5 10 10 0 10000 80000 B1+;
5 1 jjmit;
5 11 B 1;
1 Bound 8500 70000 11500 80000;
9 jj;
C 0 T 9000 70000;
(SymbolCall jj);
5 3 area=B2;
5 10 51 2 45000 78000 B2_2;
5 10 15 1 46000 70000 B2-;
5 10 11 0 46000 80000 B2+;
5 11 B 2;
5 1 jjmit;
1 Bound 44500 70000 47500 80000;
9 jj;
C 0 T 45000 70000;
(SymbolCall jj);
5 3 area=B3;
5 10 52 2 91000 78000 B3_2;
5 10 16 1 92000 70000 B3-;
5 10 12 0 92000 80000 B3+;
5 11 B 3;
5 1 jjmit;
1 Bound 90500 70000 93500 80000;
9 jj;
C 0 T 91000 70000;
(SymbolCall jj);
5 3 area=B4;
5 10 53 2 35000 40000 B4_2;
5 10 33 1 36000 32000 B4-;
5 10 17 0 36000 42000 B4+;
5 1 jjmit;
5 11 B 4;
1 Bound 34500 32000 37500 42000;
9 jj;
C 0 T 35000 32000;
(SymbolCall jj);
5 3 area=B5;
5 10 54 2 61000 40000 B5_2;
5 10 19 1 62000 32000 B5-;
5 10 18 0 62000 42000 B5+;
5 11 B 5;
5 1 jjmit;
1 Bound 60500 32000 63500 42000;
9 jj;
C 0 T 61000 32000;
(SymbolCall jj);
5 3 area=B6;
5 10 55 2 -22000 8000 B6_2;
5 10 21 1 -14000 9000 B6-;
5 10 20 0 -24000 9000 B6+;
5 1 jjmit;
5 11 B 6;
1 Bound -24000 7500 -14000 10500;
( Rotate 90 );
9 jj;
C 0 R 0 1 T -14000 8000;
(SymbolCall jj);
5 3 area=B7;
5 10 56 2 -31000 7000 B7_2;
5 10 37 1 -30000 -1000 B7-;
5 10 20 0 -30000 9000 B7+;
5 11 B 7;
5 1 jjmit;
1 Bound -31500 -1000 -28500 9000;
9 jj;
C 0 T -31000 -1000;
(SymbolCall jj);
5 3 area=B8;
5 10 57 2 28000 -16000 B8_2;
5 10 24 1 36000 -15000 B8-;
5 10 23 0 26000 -15000 B8+;
5 11 B 8;
5 1 jjmit;
1 Bound 26000 -16500 36000 -13500;
( Rotate 90 );
9 jj;
C 0 R 0 1 T 36000 -16000;
(SymbolCall jj);
5 3 area=B9;
5 10 58 2 45000 -17000 B9_2;
5 10 40 1 46000 -25000 B9-;
5 10 24 0 46000 -15000 B9+;
5 11 B 9;
5 1 jjmit;
1 Bound 44500 -25000 47500 -15000;
9 jj;
C 0 T 45000 -25000;
(SymbolCall jj);
5 3 area=B10;
5 10 59 2 81000 -17000 B10_2;
5 10 42 1 82000 -25000 B10-;
5 10 25 0 82000 -15000 B10+;
5 11 B 10;
5 1 jjmit;
1 Bound 80500 -25000 83500 -15000;
9 jj;
C 0 T 81000 -25000;
(SymbolCall jj);
5 3 area=B11;
5 10 60 2 107000 -17000 B11_2;
5 10 44 1 108000 -25000 B11-;
5 10 26 0 108000 -15000 B11+;
5 1 jjmit;
5 11 B 11;
1 Bound 106500 -25000 109500 -15000;
9 jj;
C 0 T 107000 -25000;
(SymbolCall jj);
5 3 area=B6;
5 10 61 2 -22000 -26000 B12_2;
5 10 28 1 -14000 -25000 B12-;
5 10 27 0 -24000 -25000 B12+;
5 1 jjmit;
5 11 B 12;
1 Bound -24000 -26500 -14000 -23500;
( Rotate 90 );
9 jj;
C 0 R 0 1 T -14000 -26000;
(SymbolCall jj);
5 3 area=B7;
5 10 62 2 -31000 -27000 B13_2;
5 10 47 1 -30000 -35000 B13-;
5 10 27 0 -30000 -25000 B13+;
5 11 B 13;
5 1 jjmit;
1 Bound -31500 -35000 -28500 -25000;
9 jj;
C 0 T -31000 -35000;
(SymbolCall res);
5 2 R0;
5 10 29 1 -15000 70000 R0-;
5 10 9 0 -15000 80000 R0+;
5 15 -16000 79000 0 -1 "<v>/<value>O";
5 11 R 0;
1 Bound -16250 70000 -14000 80000;
9 res;
C 0 T -15000 80000;
(SymbolCall res);
5 2 R1;
5 10 30 1 16000 70000 R1-;
5 10 10 0 16000 80000 R1+;
5 15 15000 79000 0 -1 "<v>/<value>O";
5 11 R 1;
1 Bound 14750 70000 17000 80000;
9 res;
C 0 T 16000 80000;
(SymbolCall res);
5 2 R2;
5 10 31 1 52000 70000 R2-;
5 10 11 0 52000 80000 R2+;
5 15 51000 79000 0 -1 "<v>/<value>O";
5 11 R 2;
1 Bound 50750 70000 53000 80000;
9 res;
C 0 T 52000 80000;
(SymbolCall res);
5 2 R3;
5 10 32 1 98000 70000 R3-;
5 10 12 0 98000 80000 R3+;
5 15 97000 79000 0 -1 "<v>/<value>O";
5 11 R 3;
1 Bound 96750 70000 99000 80000;
9 res;
C 0 T 98000 80000;
(SymbolCall res);
5 2 R4;
5 10 34 1 42000 32000 R4-;
5 10 17 0 42000 42000 R4+;
5 15 41000 41000 0 -1 "<v>/<value>O";
5 11 R 4;
1 Bound 40750 32000 43000 42000;
9 res;
C 0 T 42000 42000;
(SymbolCall res);
5 2 R5;
5 10 35 1 68000 32000 R5-;
5 10 18 0 68000 42000 R5+;
5 15 67000 41000 0 -1 "<v>/<value>O";
5 11 R 5;
1 Bound 66750 32000 69000 42000;
9 res;
C 0 T 68000 42000;
(SymbolCall res);
5 2 R6;
5 10 36 1 -14000 15000 R6-;
5 10 20 0 -24000 15000 R6+;
5 15 -23000 14000 1 0 "<v>/<value>O";
5 11 R 6;
1 Bound -24000 13750 -14000 16000;
( Rotate 90 );
9 res;
C 0 R 0 1 T -24000 15000;
(SymbolCall res);
5 2 R7;
5 10 38 1 -24000 -1000 R7-;
5 10 20 0 -24000 9000 R7+;
5 15 -25000 8000 0 -1 "<v>/<value>O";
5 11 R 7;
1 Bound -25250 -1000 -23000 9000;
9 res;
C 0 T -24000 9000;
(SymbolCall res);
5 2 R8;
5 10 39 1 36000 -9000 R8-;
5 10 23 0 26000 -9000 R8+;
5 15 27000 -10000 1 0 "<v>/<value>O";
5 11 R 8;
1 Bound 26000 -10250 36000 -8000;
( Rotate 90 );
9 res;
C 0 R 0 1 T 26000 -9000;
(SymbolCall res);
5 2 R9;
5 10 41 1 52000 -25000 R9-;
5 10 24 0 52000 -15000 R9+;
5 15 51000 -16000 0 -1 "<v>/<value>O";
5 11 R 9;
1 Bound 50750 -25000 53000 -15000;
9 res;
C 0 T 52000 -15000;
(SymbolCall res);
5 2 R10;
5 10 43 1 88000 -25000 R10-;
5 10 25 0 88000 -15000 R10+;
5 15 87000 -16000 0 -1 "<v>/<value>O";
5 11 R 10;
1 Bound 86750 -25000 89000 -15000;
9 res;
C 0 T 88000 -15000;
(SymbolCall res);
5 2 R11;
5 10 45 1 114000 -25000 R11-;
5 10 26 0 114000 -15000 R11+;
5 15 113000 -16000 0 -1 "<v>/<value>O";
5 11 R 11;
1 Bound 112750 -25000 115000 -15000;
9 res;
C 0 T 114000 -15000;
(SymbolCall res);
5 2 R6;
5 10 46 1 -14000 -19000 R12-;
5 10 27 0 -24000 -19000 R12+;
5 15 -23000 -20000 1 0 "<v>/<value>O";
5 11 R 12;
1 Bound -24000 -20250 -14000 -18000;
( Rotate 90 );
9 res;
C 0 R 0 1 T -24000 -19000;
(SymbolCall res);
5 2 R7;
5 10 48 1 -24000 -35000 R13-;
5 10 27 0 -24000 -25000 R13+;
5 15 -25000 -26000 0 -1 "<v>/<value>O";
5 11 R 13;
1 Bound -25250 -35000 -23000 -25000;
9 res;
C 0 T -24000 -25000;
L SCED;
5 10 9;
W2 0 -21000 80000 -15000 80000;
5 10 10;
W2 0 16000 80000 10000 80000;
5 10 11;
W2 0 46000 80000 52000 80000;
5 10 12;
W2 0 92000 80000 98000 80000;
5 10 13;
W2 0 -21000 70000 -21000 60000 -15000 60000 -15000 21000 16000 21000
  16000 -15000;
5 10 14;
W2 0 10000 70000 10000 60000 16000 60000 16000 25000 19000 25000 19000 1000
  62000 1000 62000 -15000;
5 10 15;
W2 0 46000 70000 46000 60000 52000 60000 52000 42000;
5 10 16;
W2 0 92000 70000 92000 60000 98000 60000 98000 -15000;
5 10 3;
W2 0 26000 42000 -48000 42000;
5 10 17;
W2 0 36000 42000 42000 42000;
5 10 18;
W2 0 62000 42000 68000 42000;
5 10 19;
W2 0 72000 -15000 72000 22000 68000 22000 62000 22000 62000 32000;
5 10 20;
W2 0 -30000 9000 -24000 9000 -24000 15000;
5 10 21;
W2 0 -14000 9000 -4000 9000 -4000 15000;
5 10 2;
W2 0 -40000 9000 -48000 9000;
5 10 22;
W2 0 6000 9000 6000 -15000 6000 -25000;
5 10 23;
W2 0 26000 -9000 26000 -15000;
5 10 24;
W2 0 36000 -15000 46000 -15000 46000 -9000;
5 10 24;
W2 0 46000 -15000 52000 -15000;
5 10 25;
W2 0 88000 -15000 82000 -15000;
5 10 26;
W2 0 108000 -15000 114000 -15000;
5 10 4;
W2 0 124000 -15000 147000 -15000;
5 10 27;
W2 0 -30000 -25000 -24000 -25000 -24000 -19000;
5 10 28;
W2 0 -14000 -25000 -4000 -25000 -4000 -19000;
5 10 1;
W2 0 -40000 -25000 -48000 -25000;
L NAME;
5 16 L 0 11;
94 <<L0>> -21250 88750 320 1275 1000;
5 16 L 1 11;
94 <<L1>> 9750 88750 320 1050 1000;
5 16 L 2 11;
94 <<L2>> 45750 88750 320 1275 1000;
5 16 L 3 11;
94 <<L3>> 91750 88750 320 1275 1000;
5 16 B 0 11;
94 <<B0>> -22750 78750 320 1275 1000;
5 16 R 0 11;
94 <<R0>> -16500 78750 320 1275 1000;
5 16 B 1 11;
94 <<B1>> 8250 78750 320 1050 1000;
5 16 R 1 11;
94 <<R1>> 14500 78750 320 1050 1000;
5 16 B 2 11;
94 <<B2>> 44250 78750 320 1275 1000;
5 16 R 2 11;
94 <<R2>> 50500 78750 320 1275 1000;
5 16 B 3 11;
94 <<B3>> 90250 78750 320 1275 1000;
5 16 R 3 11;
94 <<R3>> 96500 78750 320 1275 1000;
5 16 L 4 11;
94 <<L4>> -15250 68750 320 1275 1000;
5 16 L 5 11;
94 <<L5>> 15750 68750 320 1275 1000;
5 16 L 6 11;
94 <<L6>> 51750 68750 320 1275 1000;
5 16 L 7 11;
94 <<L7>> 97750 68750 320 1275 1000;
5 16 L 8 11;
94 <<L8>> 26250 43750 0 1275 1000;
5 16 L 9 11;
94 <<L9>> 42250 43750 0 1275 1000;
5 16 L 10 11;
94 <<L10>> 52250 43750 0 1650 1000;
5 16 B 4 11;
94 <<B4>> 34250 40750 320 1275 1000;
5 16 R 4 11;
94 <<R4>> 40500 40750 320 1275 1000;
5 16 B 5 11;
94 <<B5>> 60250 40750 320 1275 1000;
5 16 R 5 11;
94 <<R5>> 66500 40750 320 1275 1000;
5 16 L 11 11;
94 <<L11>> 35750 30750 320 1425 1000;
5 16 L 12 11;
94 <<L12>> 41750 30750 320 1650 1000;
5 16 L 13 11;
94 <<L13>> 67750 30750 320 1650 1000;
5 16 L 14 11;
94 <<L14>> -13750 16750 0 1650 1000;
5 16 R 6 11;
94 <<R6>> -23750 16250 0 1275 1000;
5 16 L 15 11;
94 <<L15>> -39750 10750 0 1650 1000;
5 16 B 6 11;
94 <<B6>> -23750 10750 0 1275 1000;
5 16 L 16 11;
94 <<L16>> -3750 10750 0 1650 1000;
5 16 B 7 11;
94 <<B7>> -31750 7750 320 1275 1000;
5 16 R 7 11;
94 <<R7>> -25500 7750 320 1275 1000;
5 16 L 17 11;
94 <<L17>> -30250 -2250 320 1650 1000;
5 16 L 18 11;
94 <<L18>> -24250 -2250 320 1650 1000;
5 16 L 19 11;
94 <<L19>> 36250 -7250 0 1650 1000;
5 16 R 8 11;
94 <<R8>> 26250 -7750 0 1275 1000;
5 16 L 20 11;
94 <<L20>> 6250 -13250 0 1875 1000;
5 16 L 21 11;
94 <<L21>> 16250 -13250 0 1650 1000;
5 16 B 8 11;
94 <<B8>> 26250 -13250 0 1275 1000;
5 16 L 22 11;
94 <<L22>> 52250 -13250 0 1875 1000;
5 16 L 23 11;
94 <<L23>> 62250 -13250 0 1875 1000;
5 16 L 24 11;
94 <<L24>> 72250 -13250 0 1875 1000;
5 16 L 25 11;
94 <<L25>> 88250 -13250 0 1875 1000;
5 16 L 26 11;
94 <<L26>> 98250 -13250 0 1875 1000;
5 16 L 27 11;
94 <<L27>> 114250 -13250 0 1875 1000;
5 16 L 28 11;
94 <<L28>> -13750 -17250 0 1875 1000;
5 16 B 9 11;
94 <<B9>> 44250 -16250 320 1275 1000;
5 16 R 9 11;
94 <<R9>> 50500 -16250 320 1275 1000;
5 16 B 10 11;
94 <<B10>> 80250 -16250 320 1650 1000;
5 16 R 10 11;
94 <<R10>> 86500 -16250 320 1650 1000;
5 16 B 11 11;
94 <<B11>> 106250 -16250 320 1425 1000;
5 16 R 11 11;
94 <<R11>> 112500 -16250 320 1425 1000;
5 16 R 12 11;
94 <<R12>> -23750 -17750 0 1650 1000;
5 16 L 29 11;
94 <<L29>> -39750 -23250 0 1875 1000;
5 16 B 12 11;
94 <<B12>> -23750 -23250 0 1650 1000;
5 16 L 30 11;
94 <<L30>> -3750 -23250 0 1875 1000;
5 16 B 13 11;
94 <<B13>> -31750 -26250 320 1650 1000;
5 16 R 13 11;
94 <<R13>> -25500 -26250 320 1650 1000;
5 16 L 31 11;
94 <<L31>> 45750 -26250 320 1650 1000;
5 16 L 32 11;
94 <<L32>> 51750 -26250 320 1875 1000;
5 16 L 33 11;
94 <<L33>> 81750 -26250 320 1875 1000;
5 16 L 34 11;
94 <<L34>> 87750 -26250 320 1875 1000;
5 16 L 35 11;
94 <<L35>> 107750 -26250 320 1875 1000;
5 16 L 36 11;
94 <<L36>> 113750 -26250 320 1875 1000;
5 16 L 37 11;
94 <<L37>> -30250 -36250 320 1875 1000;
5 16 L 38 11;
94 <<L38>> -24250 -36250 320 1875 1000;
L MODL;
5 16 B 0 1;
94 <<jjmit>> -19250 79750 256 2550 1000;
5 16 B 1 1;
94 <<jjmit>> 11750 79750 256 2550 1000;
5 16 B 2 1;
94 <<jjmit>> 47750 79750 256 2550 1000;
5 16 B 3 1;
94 <<jjmit>> 93750 79750 256 2550 1000;
5 16 B 4 1;
94 <<jjmit>> 37750 41750 256 2550 1000;
5 16 B 5 1;
94 <<jjmit>> 63750 41750 256 2550 1000;
5 16 B 7 1;
94 <<jjmit>> -28250 8750 256 2550 1000;
5 16 B 6 1;
94 <<jjmit>> -14250 7250 320 2550 1000;
5 16 B 9 1;
94 <<jjmit>> 47750 -15250 256 2550 1000;
5 16 B 10 1;
94 <<jjmit>> 83750 -15250 256 2550 1000;
5 16 B 11 1;
94 <<jjmit>> 109750 -15250 256 2550 1000;
5 16 B 8 1;
94 <<jjmit>> 35750 -16750 320 2550 1000;
5 16 B 13 1;
94 <<jjmit>> -28250 -25250 256 2550 1000;
5 16 B 12 1;
94 <<jjmit>> -14250 -26750 320 2550 1000;
L VALU;
5 16 L 0 2;
94 <<400p>> -19250 89750 33024 2475 1000;
5 16 L 1 2;
94 <<400p>> 11750 89750 33024 2475 1000;
5 16 L 2 2;
94 <<400p>> 47750 89750 33024 2475 1000;
5 16 L 3 2;
94 <<400p>> 93750 89750 33024 2475 1000;
5 16 R 0 2;
94 <<R0>> -13750 79750 33024 1275 1000;
5 16 R 1 2;
94 <<R1>> 17250 79750 33024 1050 1000;
5 16 R 2 2;
94 <<R2>> 53250 79750 33024 1275 1000;
5 16 R 3 2;
94 <<R3>> 99250 79750 33024 1275 1000;
5 16 L 4 2;
94 <<1p>> -13250 69750 33024 1050 1000;
5 16 L 5 2;
94 <<1p>> 17750 69750 33024 1050 1000;
5 16 L 6 2;
94 <<1p>> 53750 69750 33024 1050 1000;
5 16 L 7 2;
94 <<1p>> 99750 69750 33024 1050 1000;
5 16 L 8 2;
94 <<2.5p>> 35750 41750 33088 2100 1000;
5 16 R 4 2;
94 <<R4>> 43250 41750 33024 1275 1000;
5 16 L 9 2;
94 <<3.13p>> 51750 41750 33088 2475 1000;
5 16 L 10 2;
94 <<1.43p>> 61750 41750 33088 2475 1000;
5 16 R 5 2;
94 <<R5>> 69250 41750 33024 1275 1000;
5 16 L 11 2;
94 <<0.2p>> 37750 31750 33024 2100 1000;
5 16 L 12 2;
94 <<1p>> 43750 31750 33024 1050 1000;
5 16 L 13 2;
94 <<1p>> 69750 31750 33024 1050 1000;
5 16 L 14 2;
94 <<1p>> -4250 14750 33088 1050 1000;
5 16 R 6 2;
94 <<R6>> -14250 13500 33088 1275 1000;
5 16 L 15 2;
94 <<3p>> -30250 8750 33088 1275 1000;
5 16 R 7 2;
94 <<R7>> -22750 8750 33024 1275 1000;
5 16 L 16 2;
94 <<1.9p>> 5750 8750 33088 1875 1000;
5 16 L 17 2;
94 <<0.2p>> -28250 -1250 33024 2100 1000;
5 16 L 18 2;
94 <<1p>> -22250 -1250 33024 1050 1000;
5 16 L 19 2;
94 <<1p>> 45750 -9250 33088 1050 1000;
5 16 R 8 2;
94 <<R8>> 35750 -10500 33088 1275 1000;
5 16 L 20 2;
94 <<0.6p>> 15750 -15250 33088 2100 1000;
5 16 L 21 2;
94 <<2.1p>> 25750 -15250 33088 1875 1000;
5 16 R 9 2;
94 <<R9>> 53250 -15250 33024 1275 1000;
5 16 L 22 2;
94 <<0.4p>> 61750 -15250 33088 2100 1000;
5 16 L 23 2;
94 <<7.362p>> 71750 -15250 33088 3300 1000;
5 16 L 24 2;
94 <<2.27p>> 81750 -15250 33088 2700 1000;
5 16 R 10 2;
94 <<R10>> 89250 -15250 33024 1650 1000;
5 16 L 25 2;
94 <<3.2p>> 97750 -15250 33088 2100 1000;
5 16 L 26 2;
94 <<1.1p>> 107750 -15250 33088 1650 1000;
5 16 R 11 2;
94 <<R11>> 115250 -15250 33024 1425 1000;
5 16 L 27 2;
94 <<3.291p>> 123750 -15250 33088 3075 1000;
5 16 L 28 2;
94 <<1p>> -4250 -19250 33088 1050 1000;
5 16 R 12 2;
94 <<R6>> -14250 -20500 33088 1275 1000;
5 16 L 29 2;
94 <<3p>> -30250 -25250 33088 1275 1000;
5 16 R 13 2;
94 <<R7>> -22750 -25250 33024 1275 1000;
5 16 L 30 2;
94 <<1.9p>> 5750 -25250 33088 1875 1000;
5 16 L 31 2;
94 <<0.2p>> 47750 -25250 33024 2100 1000;
5 16 L 32 2;
94 <<1p>> 53750 -25250 33024 1050 1000;
5 16 L 33 2;
94 <<0.2p>> 83750 -25250 33024 2100 1000;
5 16 L 34 2;
94 <<1p>> 89750 -25250 33024 1050 1000;
5 16 L 35 2;
94 <<0.2p>> 109750 -25250 33024 2100 1000;
5 16 L 36 2;
94 <<1p>> 115750 -25250 33024 1050 1000;
5 16 L 37 2;
94 <<0.2p>> -28250 -35250 33024 2100 1000;
5 16 L 38 2;
94 <<1p>> -22250 -35250 33024 1050 1000;
L PARM;
5 16 B 0 3;
94 <<area=B0>> -19250 70250 32768 4200 1000;
5 16 B 1 3;
94 <<area=B1>> 11750 70250 32768 3975 1000;
5 16 B 2 3;
94 <<area=B2>> 47750 70250 32768 4200 1000;
5 16 B 3 3;
94 <<area=B3>> 93750 70250 32768 4200 1000;
5 16 B 4 3;
94 <<area=B4>> 37750 32250 32768 4200 1000;
5 16 B 5 3;
94 <<area=B5>> 63750 32250 32768 4200 1000;
5 16 B 6 3;
94 <<area=B6>> -23750 6250 33024 4200 1000;
5 16 B 7 3;
94 <<area=B7>> -28250 -750 32768 4200 1000;
5 16 B 8 3;
94 <<area=B8>> 26250 -17750 33024 4200 1000;
5 16 B 9 3;
94 <<area=B9>> 47750 -24750 32768 4200 1000;
5 16 B 10 3;
94 <<area=B10>> 83750 -24750 32768 4575 1000;
5 16 B 11 3;
94 <<area=B11>> 109750 -24750 32768 4350 1000;
5 16 B 12 3;
94 <<area=B6>> -23750 -27750 33024 4200 1000;
5 16 B 13 3;
94 <<area=B7>> -28250 -34750 32768 4200 1000;
L SPTX;
94 <<.include ERSFQ_OR2_models.inc>> -48000 96000 0 15525 1000;
94 <<.param Bc0=1>> -48000 95000 0 6600 1000;
94 <<.param Ic0=0.0001>> -48000 94000 0 8925 1000;
94 <<.param IcRs=100u*6.859904418>> -48000 93000 0 15300 1000;
94 <<.param B0Rs=IcRs/Ic0*Bc0>> -48000 92000 0 13425 1000;
94 <<.param B0=4.4, B1=1.1, B2=2, B3=1.2, B4=2.6, B5=2, B6=2, B7=2.5, B8=3.25, B9=3, B10=2, B11=2.5>> -48000 91000 0 47700 1000;
94 <<.param R0=B0Rs/B0, R1=B0Rs/B1, R2=B0Rs/B2, R3=B0Rs/B3, R4=B0Rs/B4, R5=B0Rs/B5, R6=B0Rs/B6, R7=B0Rs/B7, R8=B0Rs/B8, R9=B0Rs/B9, R10=B0Rs/B10, R11=B0Rs/B11>> -48000 90000 0 85500 1000;
DF;
E
* Generated by Xic from cell ERSFQ_OR2
.tran 0.5p 1000p 0 0.25p UIC
.include ERSFQ_OR2_models.inc
.param Bc0=1
.param Ic0=0.0001
.param IcRs=100u*6.859904418
.param B0Rs=IcRs/Ic0*Bc0
.param B0=4.4, B1=1.1, B2=2, B3=1.2, B4=2.6, B5=2, B6=2, B7=2.5, B8=3.25, B9=3, B10=2, B11=2.5
.param R0=B0Rs/B0, R1=B0Rs/B1, R2=B0Rs/B2, R3=B0Rs/B3, R4=B0Rs/B4, R5=B0Rs/B5, R6=B0Rs/B6, R7=B0Rs/B7, R8=B0Rs/B8, R9=B0Rs/B9, R10=B0Rs/B10, R11=B0Rs/B11
B0 9 13 49 jjmit area=B0
B1 10 14 50 jjmit area=B1
B2 11 15 51 jjmit area=B2
B3 12 16 52 jjmit area=B3
B4 17 33 53 jjmit area=B4
B5 18 19 54 jjmit area=B5
B6 20 21 55 jjmit area=B6
B7 20 37 56 jjmit area=B7
B8 23 24 57 jjmit area=B8
B9 24 40 58 jjmit area=B9
B10 25 42 59 jjmit area=B10
B11 26 44 60 jjmit area=B11
B12 27 28 61 jjmit area=B6
B13 27 47 62 jjmit area=B7
L0 BIAS1 9 400p
L1 BIAS2 10 400p
L2 BIAS3 11 400p
L3 BIAS4 12 400p
L4 29 13 1p
L5 30 14 1p
L6 31 15 1p
L7 32 16 1p
L8 INCLK 17 2.5p
L9 17 15 3.13p
L10 15 18 1.43p
L11 33 0 0.2p
L12 34 0 1p
L13 35 19 1p
L14 36 21 1p
L15 IN2 20 3p
L16 21 22 1.9p
L17 37 0 0.2p
L18 38 0 1p
L19 39 24 1p
L20 22 13 0.6p
L21 13 23 2.1p
L22 24 14 0.4p
L23 14 19 7.362p
L24 19 25 2.27p
L25 25 16 3.2p
L26 16 26 1.1p
L27 26 OUT 3.291p
L28 46 28 1p
L29 IN1 27 3p
L30 28 22 1.9p
L31 40 0 0.2p
L32 41 0 1p
L33 42 0 0.2p
L34 43 0 1p
L35 44 0 0.2p
L36 45 0 1p
L37 47 0 0.2p
L38 48 0 1p
R0 9 29 R0
R1 10 30 R1
R2 11 31 R2
R3 12 32 R3
R4 17 34 R4
R5 18 35 R5
R6 20 36 R6
R7 20 38 R7
R8 23 39 R8
R9 24 41 R9
R10 25 43 R10
R11 26 45 R11
R12 27 46 R6
R13 27 48 R7
.model jjmit jj(rtype=1, vg=2.8mV, cap=0.07pF, r0=160, rn=16, icrit=0.1mA)

* YBCO
